2007;1;1;277.6
2007;1;2;325.4
2007;1;3;325.5
2007;1;4;334.0
2007;1;5;320.3
2007;1;6;281.2
2007;1;7;255.5
2007;1;8;308.1
2007;1;9;340.4
2007;1;10;337.5
2007;1;11;331.3
2007;1;12;333.8
2007;1;13;302.3
2007;1;14;250.0
2007;1;15;294.7
2007;1;16;307.5
2007;1;17;314.2
2007;1;18;326.1
2007;1;19;312.7
2007;1;20;283.5
2007;1;21;265.4
2007;1;22;317.5
2007;1;23;329.1
2007;1;24;324.4
2007;1;25;316.7
2007;1;26;321.6
2007;1;27;292.7
2007;1;28;260.6
2007;1;29;304.1
2007;1;30;316.2
2007;1;31;328.4
2007;2;1;343.0
2007;2;2;355.6
2007;2;3;328.2
2007;2;4;282.4
2007;2;5;325.7
2007;2;6;335.6
2007;2;7;323.0
2007;2;8;325.1
2007;2;9;325.3
2007;2;10;296.1
2007;2;11;263.2
2007;2;12;312.3
2007;2;13;325.4
2007;2;14;340.7
2007;2;15;348.9
2007;2;16;326.2
2007;2;17;270.7
2007;2;18;239.2
2007;2;19;291.4
2007;2;20;305.9
2007;2;21;316.0
2007;2;22;333.5
2007;2;23;343.0
2007;2;24;322.6
2007;2;25;313.7
2007;2;26;351.1
2007;2;27;334.9
2007;2;28;319.3
2007;3;1;315.0
2007;3;2;295.3
2007;3;3;273.7
2007;3;4;252.2
2007;3;5;305.7
2007;3;6;325.5
2007;3;7;331.5
2007;3;8;327.2
2007;3;9;308.6
2007;3;10;276.3
2007;3;11;254.9
2007;3;12;316.7
2007;3;13;337.2
2007;3;14;329.1
2007;3;15;317.0
2007;3;16;305.7
2007;3;17;278.3
2007;3;18;253.3
2007;3;19;309.7
2007;3;20;321.3
2007;3;21;328.1
2007;3;22;331.0
2007;3;23;312.7
2007;3;24;268.9
2007;3;25;255.0
2007;3;26;313.0
2007;3;27;318.2
2007;3;28;315.4
2007;3;29;316.1
2007;3;30;315.6
2007;3;31;278.8
2007;4;1;248.4
2007;4;2;258.3
2007;4;3;300.2
2007;4;4;305.0
2007;4;5;292.4
2007;4;6;249.6
2007;4;7;260.9
2007;4;8;241.6
2007;4;9;288.1
2007;4;10;300.0
2007;4;11;302.6
2007;4;12;298.6
2007;4;13;299.3
2007;4;14;283.5
2007;4;15;257.2
2007;4;16;309.1
2007;4;17;325.0
2007;4;18;337.4
2007;4;19;340.9
2007;4;20;318.7
2007;4;21;284.8
2007;4;22;260.4
2007;4;23;301.8
2007;4;24;303.1
2007;4;25;305.6
2007;4;26;308.8
2007;4;27;307.4
2007;4;28;280.8
2007;4;29;254.7
2007;4;30;292.2
2007;5;1;241.5
2007;5;2;298.3
2007;5;3;309.3
2007;5;4;312.9
2007;5;5;285.7
2007;5;6;256.8
2007;5;7;310.3
2007;5;8;327.8
2007;5;9;328.9
2007;5;10;328.3
2007;5;11;319.8
2007;5;12;299.3
2007;5;13;272.4
2007;5;14;319.4
2007;5;15;325.4
2007;5;16;323.5
2007;5;17;322.5
2007;5;18;313.0
2007;5;19;291.5
2007;5;20;263.1
2007;5;21;311.9
2007;5;22;325.6
2007;5;23;330.9
2007;5;24;328.9
2007;5;25;283.9
2007;5;26;291.4
2007;5;27;277.8
2007;5;28;349.5
2007;5;29;356.0
2007;5;30;353.4
2007;5;31;353.0
2007;6;1;340.4
2007;6;2;311.2
2007;6;3;276.1
2007;6;4;320.2
2007;6;5;325.1
2007;6;6;326.8
2007;6;7;330.2
2007;6;8;336.8
2007;6;9;312.6
2007;6;10;280.3
2007;6;11;329.4
2007;6;12;340.9
2007;6;13;343.0
2007;6;14;351.3
2007;6;15;351.0
2007;6;16;319.8
2007;6;17;277.6
2007;6;18;291.7
2007;6;19;339.4
2007;6;20;340.8
2007;6;21;334.4
2007;6;22;333.2
2007;6;23;305.6
2007;6;24;287.3
2007;6;25;338.7
2007;6;26;338.0
2007;6;27;334.6
2007;6;28;337.6
2007;6;29;332.2
2007;6;30;305.5
2007;7;1;284.4
2007;7;2;334.6
2007;7;3;341.4
2007;7;4;329.4
2007;7;5;320.4
2007;7;6;315.5
2007;7;7;308.1
2007;7;8;289.3
2007;7;9;302.6
2007;7;10;350.8
2007;7;11;352.0
2007;7;12;349.5
2007;7;13;345.7
2007;7;14;312.9
2007;7;15;283.3
2007;7;16;322.2
2007;7;17;320.2
2007;7;18;319.7
2007;7;19;313.8
2007;7;20;309.4
2007;7;21;297.2
2007;7;22;279.8
2007;7;23;328.0
2007;7;24;336.3
2007;7;25;339.7
2007;7;26;326.6
2007;7;27;329.5
2007;7;28;311.2
2007;7;29;286.0
2007;7;30;330.5
2007;7;31;328.0
2007;8;1;343.7
2007;8;2;351.5
2007;8;3;358.0
2007;8;4;322.8
2007;8;5;299.9
2007;8;6;343.1
2007;8;7;333.3
2007;8;8;323.8
2007;8;9;324.8
2007;8;10;335.9
2007;8;11;308.6
2007;8;12;284.9
2007;8;13;315.6
2007;8;14;309.6
2007;8;15;309.5
2007;8;16;328.2
2007;8;17;343.1
2007;8;18;320.4
2007;8;19;293.3
2007;8;20;283.2
2007;8;21;324.5
2007;8;22;327.5
2007;8;23;321.1
2007;8;24;322.8
2007;8;25;308.5
2007;8;26;288.8
2007;8;27;327.9
2007;8;28;324.4
2007;8;29;325.6
2007;8;30;325.0
2007;8;31;316.7
2007;9;1;285.5
2007;9;2;258.0
2007;9;3;296.5
2007;9;4;299.3
2007;9;5;307.5
2007;9;6;303.9
2007;9;7;295.1
2007;9;8;281.8
2007;9;9;260.4
2007;9;10;306.4
2007;9;11;309.8
2007;9;12;314.2
2007;9;13;314.5
2007;9;14;309.6
2007;9;15;290.0
2007;9;16;266.1
2007;9;17;313.7
2007;9;18;316.0
2007;9;19;308.1
2007;9;20;304.3
2007;9;21;301.3
2007;9;22;276.8
2007;9;23;254.9
2007;9;24;299.1
2007;9;25;304.1
2007;9;26;302.5
2007;9;27;297.0
2007;9;28;295.7
2007;9;29;271.8
2007;9;30;247.0
2007;10;1;302.6
2007;10;2;304.4
2007;10;3;305.1
2007;10;4;308.3
2007;10;5;312.4
2007;10;6;273.2
2007;10;7;243.9
2007;10;8;290.9
2007;10;9;306.7
2007;10;10;303.8
2007;10;11;307.1
2007;10;12;306.6
2007;10;13;274.6
2007;10;14;244.0
2007;10;15;245.6
2007;10;16;287.1
2007;10;17;297.9
2007;10;18;301.7
2007;10;19;308.5
2007;10;20;282.1
2007;10;21;245.1
2007;10;22;299.4
2007;10;23;309.6
2007;10;24;316.1
2007;10;25;321.4
2007;10;26;315.8
2007;10;27;280.7
2007;10;28;253.9
2007;10;29;311.3
2007;10;30;316.6
2007;10;31;311.2
2007;11;1;293.8
2007;11;2;299.0
2007;11;3;276.7
2007;11;4;246.0
2007;11;5;292.5
2007;11;6;305.5
2007;11;7;320.1
2007;11;8;313.2
2007;11;9;304.9
2007;11;10;272.6
2007;11;11;244.3
2007;11;12;289.5
2007;11;13;301.2
2007;11;14;297.8
2007;11;15;293.7
2007;11;16;295.3
2007;11;17;287.3
2007;11;18;265.6
2007;11;19;318.3
2007;11;20;325.1
2007;11;21;329.1
2007;11;22;335.4
2007;11;23;309.7
2007;11;24;270.4
2007;11;25;252.3
2007;11;26;309.5
2007;11;27;321.2
2007;11;28;329.7
2007;11;29;344.2
2007;11;30;351.6
2007;12;1;316.6
2007;12;2;278.3
2007;12;3;347.5
2007;12;4;334.1
2007;12;5;306.8
2007;12;6;315.6
2007;12;7;323.9
2007;12;8;283.6
2007;12;9;268.1
2007;12;10;315.1
2007;12;11;314.3
2007;12;12;329.0
2007;12;13;348.7
2007;12;14;339.9
2007;12;15;291.8
2007;12;16;262.1
2007;12;17;319.4
2007;12;18;339.5
2007;12;19;341.7
2007;12;20;353.5
2007;12;21;365.8
2007;12;22;321.8
2007;12;23;282.7
2007;12;24;282.5
2007;12;25;245.2
2007;12;26;314.6
2007;12;27;323.2
2007;12;28;329.9
2007;12;29;313.6
2007;12;30;291.8
2007;12;31;315.7
2008;1;1;283.9
2008;1;2;354.6
2008;1;3;355.6
2008;1;4;324.4
2008;1;5;306.1
2008;1;6;295.1
2008;1;7;361.5
2008;1;8;385.2
2008;1;9;381.4
2008;1;10;348.2
2008;1;11;308.6
2008;1;12;284.5
2008;1;13;273.7
2008;1;14;349.6
2008;1;15;381.0
2008;1;16;341.6
2008;1;17;327.0
2008;1;18;331.0
2008;1;19;301.5
2008;1;20;264.4
2008;1;21;320.6
2008;1;22;321.2
2008;1;23;321.1
2008;1;24;331.4
2008;1;25;334.4
2008;1;26;297.6
2008;1;27;268.7
2008;1;28;317.5
2008;1;29;323.9
2008;1;30;322.7
2008;1;31;327.4
2008;2;1;331.9
2008;2;2;306.8
2008;2;3;268.9
2008;2;4;332.8
2008;2;5;351.2
2008;2;6;365.2
2008;2;7;355.1
2008;2;8;328.5
2008;2;9;293.6
2008;2;10;260.4
2008;2;11;297.8
2008;2;12;308.1
2008;2;13;322.7
2008;2;14;341.9
2008;2;15;354.1
2008;2;16;325.4
2008;2;17;306.8
2008;2;18;356.9
2008;2;19;355.0
2008;2;20;367.8
2008;2;21;369.3
2008;2;22;342.5
2008;2;23;306.8
2008;2;24;281.9
2008;2;25;329.9
2008;2;26;342.0
2008;2;27;344.9
2008;2;28;337.0
2008;2;29;338.4
2008;3;1;303.6
2008;3;2;273.3
2008;3;3;313.2
2008;3;4;319.7
2008;3;5;321.7
2008;3;6;318.6
2008;3;7;317.9
2008;3;8;295.5
2008;3;9;269.6
2008;3;10;305.2
2008;3;11;308.0
2008;3;12;312.4
2008;3;13;315.9
2008;3;14;319.2
2008;3;15;305.4
2008;3;16;271.8
2008;3;17;331.8
2008;3;18;341.3
2008;3;19;343.1
2008;3;20;327.9
2008;3;21;284.4
2008;3;22;268.8
2008;3;23;247.2
2008;3;24;261.3
2008;3;25;318.4
2008;3;26;326.9
2008;3;27;314.6
2008;3;28;307.9
2008;3;29;281.6
2008;3;30;256.3
2008;3;31;301.4
2008;4;1;301.7
2008;4;2;260.1
2008;4;3;295.0
2008;4;4;304.0
2008;4;5;288.0
2008;4;6;260.2
2008;4;7;310.8
2008;4;8;311.8
2008;4;9;314.6
2008;4;10;319.7
2008;4;11;318.7
2008;4;12;284.6
2008;4;13;259.6
2008;4;14;307.9
2008;4;15;316.6
2008;4;16;314.7
2008;4;17;310.4
2008;4;18;309.8
2008;4;19;287.8
2008;4;20;263.3
2008;4;21;309.0
2008;4;22;316.2
2008;4;23;319.6
2008;4;24;321.7
2008;4;25;317.4
2008;4;26;288.4
2008;4;27;262.4
2008;4;28;309.1
2008;4;29;319.9
2008;4;30;320.7
2008;5;1;260.6
2008;5;2;306.6
2008;5;3;291.9
2008;5;4;266.9
2008;5;5;311.2
2008;5;6;314.3
2008;5;7;315.3
2008;5;8;318.0
2008;5;9;315.9
2008;5;10;292.5
2008;5;11;265.7
2008;5;12;307.9
2008;5;13;313.0
2008;5;14;312.2
2008;5;15;309.6
2008;5;16;311.2
2008;5;17;286.4
2008;5;18;260.1
2008;5;19;312.2
2008;5;20;317.6
2008;5;21;321.0
2008;5;22;321.3
2008;5;23;320.8
2008;5;24;292.8
2008;5;25;265.9
2008;5;26;319.2
2008;5;27;326.6
2008;5;28;346.8
2008;5;29;358.1
2008;5;30;358.8
2008;5;31;333.5
2008;6;1;308.7
2008;6;2;352.3
2008;6;3;350.0
2008;6;4;345.3
2008;6;5;331.4
2008;6;6;328.1
2008;6;7;306.2
2008;6;8;279.9
2008;6;9;339.7
2008;6;10;350.1
2008;6;11;345.7
2008;6;12;339.5
2008;6;13;335.1
2008;6;14;311.3
2008;6;15;288.3
2008;6;16;296.6
2008;6;17;341.2
2008;6;18;353.2
2008;6;19;362.3
2008;6;20;369.0
2008;6;21;337.5
2008;6;22;316.0
2008;6;23;365.9
2008;6;24;369.7
2008;6;25;360.4
2008;6;26;355.0
2008;6;27;353.4
2008;6;28;323.4
2008;6;29;299.7
2008;6;30;337.3
2008;7;1;345.1
2008;7;2;350.3
2008;7;3;347.7
2008;7;4;345.3
2008;7;5;301.8
2008;7;6;272.6
2008;7;7;327.8
2008;7;8;327.3
2008;7;9;285.3
2008;7;10;330.5
2008;7;11;330.3
2008;7;12;291.7
2008;7;13;262.7
2008;7;14;309.7
2008;7;15;314.3
2008;7;16;312.3
2008;7;17;313.0
2008;7;18;316.9
2008;7;19;299.1
2008;7;20;278.1
2008;7;21;342.7
2008;7;22;347.1
2008;7;23;349.6
2008;7;24;347.8
2008;7;25;342.6
2008;7;26;315.4
2008;7;27;285.6
2008;7;28;336.9
2008;7;29;339.1
2008;7;30;342.5
2008;7;31;338.0
2008;8;1;337.0
2008;8;2;317.5
2008;8;3;293.0
2008;8;4;348.4
2008;8;5;344.9
2008;8;6;339.2
2008;8;7;334.7
2008;8;8;340.9
2008;8;9;307.3
2008;8;10;270.6
2008;8;11;319.8
2008;8;12;336.0
2008;8;13;340.3
2008;8;14;334.4
2008;8;15;330.3
2008;8;16;298.7
2008;8;17;276.5
2008;8;18;283.1
2008;8;19;332.2
2008;8;20;333.8
2008;8;21;331.9
2008;8;22;328.0
2008;8;23;300.1
2008;8;24;269.3
2008;8;25;318.0
2008;8;26;318.1
2008;8;27;319.3
2008;8;28;330.8
2008;8;29;325.0
2008;8;30;293.5
2008;8;31;262.0
2008;9;1;308.4
2008;9;2;312.3
2008;9;3;321.3
2008;9;4;331.8
2008;9;5;344.1
2008;9;6;326.1
2008;9;7;282.8
2008;9;8;323.8
2008;9;9;326.3
2008;9;10;326.0
2008;9;11;325.7
2008;9;12;326.5
2008;9;13;301.4
2008;9;14;275.1
2008;9;15;321.8
2008;9;16;325.8
2008;9;17;321.2
2008;9;18;320.1
2008;9;19;321.1
2008;9;20;297.5
2008;9;21;271.3
2008;9;22;312.0
2008;9;23;314.2
2008;9;24;310.1
2008;9;25;312.5
2008;9;26;318.3
2008;9;27;289.1
2008;9;28;264.8
2008;9;29;309.7
2008;9;30;313.7
2008;10;1;315.4
2008;10;2;312.1
2008;10;3;313.9
2008;10;4;283.9
2008;10;5;254.0
2008;10;6;299.3
2008;10;7;307.5
2008;10;8;311.5
2008;10;9;308.2
2008;10;10;312.9
2008;10;11;287.3
2008;10;12;259.4
2008;10;13;261.3
2008;10;14;307.2
2008;10;15;312.1
2008;10;16;307.7
2008;10;17;305.0
2008;10;18;280.2
2008;10;19;239.4
2008;10;20;307.7
2008;10;21;320.1
2008;10;22;305.1
2008;10;23;307.0
2008;10;24;317.1
2008;10;25;288.5
2008;10;26;257.2
2008;10;27;299.6
2008;10;28;310.4
2008;10;29;307.5
2008;10;30;303.7
2008;10;31;308.0
2008;11;1;281.9
2008;11;2;256.1
2008;11;3;317.2
2008;11;4;337.3
2008;11;5;349.9
2008;11;6;341.4
2008;11;7;342.7
2008;11;8;314.8
2008;11;9;288.2
2008;11;10;337.0
2008;11;11;341.8
2008;11;12;348.0
2008;11;13;351.9
2008;11;14;357.7
2008;11;15;283.7
2008;11;16;247.4
2008;11;17;298.7
2008;11;18;314.7
2008;11;19;322.9
2008;11;20;329.2
2008;11;21;332.8
2008;11;22;313.6
2008;11;23;299.3
2008;11;24;365.6
2008;11;25;383.3
2008;11;26;385.5
2008;11;27;394.0
2008;11;28;355.7
2008;11;29;312.1
2008;11;30;265.6
2008;12;1;299.7
2008;12;2;299.3
2008;12;3;299.5
2008;12;4;308.1
2008;12;5;317.2
2008;12;6;298.7
2008;12;7;284.6
2008;12;8;309.0
2008;12;9;362.7
2008;12;10;334.8
2008;12;11;328.0
2008;12;12;323.3
2008;12;13;298.9
2008;12;14;281.1
2008;12;15;351.2
2008;12;16;366.5
2008;12;17;376.9
2008;12;18;371.9
2008;12;19;363.9
2008;12;20;343.3
2008;12;21;290.8
2008;12;22;308.5
2008;12;23;326.6
2008;12;24;308.4
2008;12;25;271.9
2008;12;26;316.0
2008;12;27;311.5
2008;12;28;288.6
2008;12;29;306.1
2008;12;30;315.7
2008;12;31;290.8
2009;1;1;233.7
2009;1;2;266.2
2009;1;3;262.1
2009;1;4;256.1
2009;1;5;326.4
2009;1;6;347.1
2009;1;7;332.4
2009;1;8;329.9
2009;1;9;340.4
2009;1;10;314.1
2009;1;11;285.7
2009;1;12;329.4
2009;1;13;328.6
2009;1;14;347.6
2009;1;15;350.7
2009;1;16;360.4
2009;1;17;335.4
2009;1;18;256.8
2009;1;19;299.6
2009;1;20;323.7
2009;1;21;346.0
2009;1;22;361.8
2009;1;23;370.2
2009;1;24;344.2
2009;1;25;291.3
2009;1;26;325.9
2009;1;27;338.3
2009;1;28;330.4
2009;1;29;334.0
2009;1;30;332.6
2009;1;31;295.5
2009;2;1;258.0
2009;2;2;315.7
2009;2;3;325.4
2009;2;4;343.5
2009;2;5;331.0
2009;2;6;311.8
2009;2;7;281.1
2009;2;8;267.7
2009;2;9;337.5
2009;2;10;344.4
2009;2;11;324.1
2009;2;12;326.1
2009;2;13;336.9
2009;2;14;322.9
2009;2;15;301.0
2009;2;16;345.9
2009;2;17;349.7
2009;2;18;370.4
2009;2;19;389.4
2009;2;20;370.5
2009;2;21;294.7
2009;2;22;256.7
2009;2;23;295.7
2009;2;24;312.6
2009;2;25;324.8
2009;2;26;330.4
2009;2;27;333.2
2009;2;28;311.9
2009;3;1;290.5
2009;3;2;347.7
2009;3;3;346.1
2009;3;4;328.0
2009;3;5;318.2
2009;3;6;328.9
2009;3;7;302.9
2009;3;8;268.7
2009;3;9;314.3
2009;3;10;324.4
2009;3;11;325.2
2009;3;12;328.0
2009;3;13;339.9
2009;3;14;325.8
2009;3;15;258.4
2009;3;16;301.4
2009;3;17;309.2
2009;3;18;314.1
2009;3;19;318.9
2009;3;20;326.1
2009;3;21;306.0
2009;3;22;280.8
2009;3;23;324.1
2009;3;24;291.6
2009;3;25;326.9
2009;3;26;330.5
2009;3;27;334.9
2009;3;28;311.4
2009;3;29;291.2
2009;3;30;334.7
2009;3;31;316.5
2009;4;1;306.0
2009;4;2;267.4
2009;4;3;305.1
2009;4;4;273.6
2009;4;5;242.8
2009;4;6;304.0
2009;4;7;321.0
2009;4;8;312.8
2009;4;9;296.0
2009;4;10;253.4
2009;4;11;269.7
2009;4;12;257.1
2009;4;13;320.4
2009;4;14;315.5
2009;4;15;316.9
2009;4;16;318.9
2009;4;17;323.6
2009;4;18;288.7
2009;4;19;253.0
2009;4;20;295.0
2009;4;21;305.5
2009;4;22;307.3
2009;4;23;310.7
2009;4;24;305.0
2009;4;25;275.0
2009;4;26;246.6
2009;4;27;299.1
2009;4;28;308.4
2009;4;29;312.4
2009;4;30;302.1
2009;5;1;243.3
2009;5;2;259.3
2009;5;3;244.0
2009;5;4;293.7
2009;5;5;300.7
2009;5;6;301.7
2009;5;7;302.2
2009;5;8;301.7
2009;5;9;274.7
2009;5;10;248.6
2009;5;11;303.7
2009;5;12;311.4
2009;5;13;319.5
2009;5;14;321.1
2009;5;15;323.8
2009;5;16;294.8
2009;5;17;264.8
2009;5;18;310.7
2009;5;19;321.1
2009;5;20;320.3
2009;5;21;317.1
2009;5;22;318.4
2009;5;23;288.9
2009;5;24;255.9
2009;5;25;256.0
2009;5;26;308.2
2009;5;27;326.9
2009;5;28;340.1
2009;5;29;344.4
2009;5;30;320.5
2009;5;31;286.9
2009;6;1;336.7
2009;6;2;348.4
2009;6;3;351.9
2009;6;4;342.1
2009;6;5;335.2
2009;6;6;312.2
2009;6;7;287.8
2009;6;8;338.2
2009;6;9;345.8
2009;6;10;345.9
2009;6;11;351.2
2009;6;12;353.3
2009;6;13;317.0
2009;6;14;280.1
2009;6;15;285.2
2009;6;16;336.3
2009;6;17;345.6
2009;6;18;340.3
2009;6;19;331.0
2009;6;20;297.4
2009;6;21;273.8
2009;6;22;339.0
2009;6;23;353.1
2009;6;24;362.4
2009;6;25;359.6
2009;6;26;358.1
2009;6;27;321.0
2009;6;28;295.2
2009;6;29;344.4
2009;6;30;353.3
2009;7;1;347.2
2009;7;2;345.9
2009;7;3;339.8
2009;7;4;304.5
2009;7;5;269.6
2009;7;6;318.5
2009;7;7;319.0
2009;7;8;338.2
2009;7;9;301.9
2009;7;10;339.5
2009;7;11;318.8
2009;7;12;288.7
2009;7;13;340.0
2009;7;14;352.1
2009;7;15;356.4
2009;7;16;350.0
2009;7;17;340.7
2009;7;18;314.9
2009;7;19;281.5
2009;7;20;328.9
2009;7;21;348.8
2009;7;22;364.2
2009;7;23;373.2
2009;7;24;371.3
2009;7;25;334.8
2009;7;26;297.9
2009;7;27;346.4
2009;7;28;353.8
2009;7;29;355.8
2009;7;30;352.5
2009;7;31;359.7
2009;8;1;324.4
2009;8;2;289.8
2009;8;3;337.5
2009;8;4;337.1
2009;8;5;322.5
2009;8;6;328.8
2009;8;7;339.8
2009;8;8;306.4
2009;8;9;277.5
2009;8;10;327.5
2009;8;11;324.4
2009;8;12;318.8
2009;8;13;315.5
2009;8;14;313.8
2009;8;15;280.4
2009;8;16;257.6
2009;8;17;264.1
2009;8;18;318.8
2009;8;19;337.2
2009;8;20;336.7
2009;8;21;332.2
2009;8;22;296.2
2009;8;23;256.7
2009;8;24;305.6
2009;8;25;308.5
2009;8;26;310.1
2009;8;27;313.8
2009;8;28;316.9
2009;8;29;292.4
2009;8;30;266.8
2009;8;31;310.6
2009;9;1;319.0
2009;9;2;327.1
2009;9;3;326.6
2009;9;4;324.6
2009;9;5;287.2
2009;9;6;255.7
2009;9;7;300.4
2009;9;8;334.3
2009;9;9;337.3
2009;9;10;330.2
2009;9;11;322.0
2009;9;12;286.1
2009;9;13;253.1
2009;9;14;299.5
2009;9;15;305.8
2009;9;16;311.5
2009;9;17;320.6
2009;9;18;325.0
2009;9;19;291.5
2009;9;20;254.4
2009;9;21;295.3
2009;9;22;316.5
2009;9;23;321.5
2009;9;24;313.0
2009;9;25;310.6
2009;9;26;282.4
2009;9;27;271.8
2009;9;28;323.9
2009;9;29;327.3
2009;9;30;322.1
2009;10;1;315.9
2009;10;2;308.7
2009;10;3;277.9
2009;10;4;251.7
2009;10;5;305.2
2009;10;6;305.5
2009;10;7;305.2
2009;10;8;305.2
2009;10;9;306.2
2009;10;10;285.0
2009;10;11;246.4
2009;10;12;245.1
2009;10;13;298.0
2009;10;14;308.1
2009;10;15;306.5
2009;10;16;303.1
2009;10;17;276.7
2009;10;18;245.3
2009;10;19;298.9
2009;10;20;307.4
2009;10;21;309.0
2009;10;22;309.1
2009;10;23;318.7
2009;10;24;278.4
2009;10;25;251.0
2009;10;26;298.4
2009;10;27;310.7
2009;10;28;321.8
2009;10;29;349.0
2009;10;30;362.4
2009;10;31;315.2
2009;11;1;283.8
2009;11;2;333.9
2009;11;3;322.2
2009;11;4;322.7
2009;11;5;327.2
2009;11;6;330.7
2009;11;7;282.7
2009;11;8;253.3
2009;11;9;308.0
2009;11;10;308.5
2009;11;11;316.3
2009;11;12;332.0
2009;11;13;346.1
2009;11;14;300.6
2009;11;15;262.0
2009;11;16;319.4
2009;11;17;343.3
2009;11;18;340.1
2009;11;19;334.8
2009;11;20;331.6
2009;11;21;304.2
2009;11;22;280.7
2009;11;23;340.4
2009;11;24;342.6
2009;11;25;361.0
2009;11;26;343.4
2009;11;27;336.7
2009;11;28;305.0
2009;11;29;282.5
2009;11;30;310.6
2009;12;1;330.1
2009;12;2;339.1
2009;12;3;320.6
2009;12;4;315.6
2009;12;5;289.5
2009;12;6;255.9
2009;12;7;294.6
2009;12;8;270.8
2009;12;9;326.1
2009;12;10;344.7
2009;12;11;331.7
2009;12;12;289.7
2009;12;13;265.7
2009;12;14;328.5
2009;12;15;340.5
2009;12;16;342.3
2009;12;17;351.6
2009;12;18;360.7
2009;12;19;333.7
2009;12;20;284.0
2009;12;21;343.7
2009;12;22;372.6
2009;12;23;376.9
2009;12;24;326.1
2009;12;25;264.5
2009;12;26;309.5
2009;12;27;299.0
2009;12;28;348.2
2009;12;29;339.7
2009;12;30;321.9
2009;12;31;291.6
2010;1;1;246.8
2010;1;2;292.0
2010;1;3;296.8
2010;1;4;354.0
2010;1;5;376.9
2010;1;6;323.8
2010;1;7;313.6
2010;1;8;328.5
2010;1;9;329.2
2010;1;10;309.1
2010;1;11;365.0
2010;1;12;320.3
2010;1;13;319.1
2010;1;14;338.7
2010;1;15;360.5
2010;1;16;322.7
2010;1;17;308.6
2010;1;18;365.1
2010;1;19;341.5
2010;1;20;351.0
2010;1;21;374.6
2010;1;22;379.4
2010;1;23;351.5
2010;1;24;321.9
2010;1;25;384.8
2010;1;26;401.4
2010;1;27;406.2
2010;1;28;411.1
2010;1;29;413.2
2010;1;30;354.8
2010;1;31;309.4
2010;2;1;374.4
2010;2;2;392.9
2010;2;3;383.2
2010;2;4;350.4
2010;2;5;354.4
2010;2;6;327.0
2010;2;7;307.7
2010;2;8;351.6
2010;2;9;370.3
2010;2;10;373.7
2010;2;11;387.6
2010;2;12;408.1
2010;2;13;360.7
2010;2;14;291.2
2010;2;15;336.1
2010;2;16;325.4
2010;2;17;331.6
2010;2;18;355.1
2010;2;19;382.7
2010;2;20;333.0
2010;2;21;292.8
2010;2;22;348.1
2010;2;23;336.4
2010;2;24;314.0
2010;2;25;305.4
2010;2;26;313.3
2010;2;27;295.6
2010;2;28;272.0
2010;3;1;332.9
2010;3;2;359.2
2010;3;3;351.4
2010;3;4;363.7
2010;3;5;369.9
2010;3;6;338.6
2010;3;7;311.3
2010;3;8;362.3
2010;3;9;372.3
2010;3;10;366.2
2010;3;11;354.7
2010;3;12;338.7
2010;3;13;306.1
2010;3;14;275.4
2010;3;15;318.4
2010;3;16;327.3
2010;3;17;344.7
2010;3;18;354.9
2010;3;19;355.6
2010;3;20;312.2
2010;3;21;290.1
2010;3;22;323.5
2010;3;23;330.1
2010;3;24;292.6
2010;3;25;330.1
2010;3;26;341.4
2010;3;27;322.7
2010;3;28;298.3
2010;3;29;357.7
2010;3;30;362.3
2010;3;31;370.6
2010;4;1;339.3
2010;4;2;278.2
2010;4;3;274.8
2010;4;4;253.4
2010;4;5;303.1
2010;4;6;314.5
2010;4;7;317.8
2010;4;8;318.9
2010;4;9;320.4
2010;4;10;295.0
2010;4;11;267.5
2010;4;12;322.8
2010;4;13;326.9
2010;4;14;321.5
2010;4;15;321.7
2010;4;16;316.3
2010;4;17;294.4
2010;4;18;272.7
2010;4;19;324.4
2010;4;20;329.6
2010;4;21;325.0
2010;4;22;322.2
2010;4;23;323.9
2010;4;24;306.3
2010;4;25;274.8
2010;4;26;317.5
2010;4;27;325.1
2010;4;28;326.7
2010;4;29;323.7
2010;4;30;320.2
2010;5;1;254.7
2010;5;2;256.8
2010;5;3;312.8
2010;5;4;322.0
2010;5;5;322.2
2010;5;6;323.9
2010;5;7;329.9
2010;5;8;304.4
2010;5;9;279.6
2010;5;10;328.2
2010;5;11;329.1
2010;5;12;331.9
2010;5;13;332.3
2010;5;14;326.5
2010;5;15;307.6
2010;5;16;291.0
2010;5;17;346.5
2010;5;18;349.0
2010;5;19;338.0
2010;5;20;339.0
2010;5;21;334.5
2010;5;22;305.1
2010;5;23;279.1
2010;5;24;280.6
2010;5;25;274.0
2010;5;26;328.7
2010;5;27;341.3
2010;5;28;339.4
2010;5;29;316.3
2010;5;30;286.4
2010;5;31;346.2
2010;6;1;353.3
2010;6;2;352.0
2010;6;3;346.9
2010;6;4;345.3
2010;6;5;316.8
2010;6;6;283.9
2010;6;7;333.6
2010;6;8;353.8
2010;6;9;365.8
2010;6;10;365.1
2010;6;11;364.8
2010;6;12;329.7
2010;6;13;297.6
2010;6;14;348.8
2010;6;15;353.8
2010;6;16;356.5
2010;6;17;356.9
2010;6;18;360.7
2010;6;19;329.4
2010;6;20;297.3
2010;6;21;315.9
2010;6;22;356.3
2010;6;23;353.4
2010;6;24;343.4
2010;6;25;353.1
2010;6;26;332.4
2010;6;27;306.2
2010;6;28;358.7
2010;6;29;365.7
2010;6;30;356.1
2010;7;1;353.1
2010;7;2;341.2
2010;7;3;301.3
2010;7;4;271.6
2010;7;5;324.2
2010;7;6;344.8
2010;7;7;349.2
2010;7;8;350.4
2010;7;9;305.3
2010;7;10;311.7
2010;7;11;294.8
2010;7;12;365.1
2010;7;13;383.6
2010;7;14;385.4
2010;7;15;395.4
2010;7;16;395.8
2010;7;17;370.7
2010;7;18;350.3
2010;7;19;396.3
2010;7;20;386.1
2010;7;21;382.9
2010;7;22;390.7
2010;7;23;387.0
2010;7;24;355.8
2010;7;25;325.6
2010;7;26;373.5
2010;7;27;368.3
2010;7;28;357.9
2010;7;29;358.6
2010;7;30;366.3
2010;7;31;331.7
2010;8;1;318.4
2010;8;2;382.4
2010;8;3;404.3
2010;8;4;405.0
2010;8;5;401.7
2010;8;6;385.3
2010;8;7;341.6
2010;8;8;311.2
2010;8;9;357.1
2010;8;10;355.6
2010;8;11;361.5
2010;8;12;368.7
2010;8;13;384.4
2010;8;14;354.0
2010;8;15;321.0
2010;8;16;313.5
2010;8;17;344.8
2010;8;18;337.4
2010;8;19;331.0
2010;8;20;331.2
2010;8;21;300.0
2010;8;22;269.0
2010;8;23;320.5
2010;8;24;329.6
2010;8;25;334.6
2010;8;26;339.7
2010;8;27;333.8
2010;8;28;305.5
2010;8;29;275.8
2010;8;30;337.4
2010;8;31;348.4
2010;9;1;362.7
2010;9;2;379.6
2010;9;3;371.1
2010;9;4;327.1
2010;9;5;284.2
2010;9;6;317.8
2010;9;7;309.9
2010;9;8;316.7
2010;9;9;319.2
2010;9;10;322.6
2010;9;11;294.6
2010;9;12;271.9
2010;9;13;334.1
2010;9;14;333.2
2010;9;15;323.0
2010;9;16;323.2
2010;9;17;326.6
2010;9;18;301.9
2010;9;19;270.4
2010;9;20;317.0
2010;9;21;323.6
2010;9;22;322.8
2010;9;23;323.3
2010;9;24;323.8
2010;9;25;296.1
2010;9;26;267.0
2010;9;27;315.6
2010;9;28;327.3
2010;9;29;330.5
2010;9;30;329.4
2010;10;1;329.6
2010;10;2;295.2
2010;10;3;263.4
2010;10;4;326.3
2010;10;5;318.6
2010;10;6;322.7
2010;10;7;319.0
2010;10;8;317.9
2010;10;9;292.0
2010;10;10;264.5
2010;10;11;267.8
2010;10;12;316.6
2010;10;13;325.6
2010;10;14;324.7
2010;10;15;326.4
2010;10;16;295.2
2010;10;17;262.3
2010;10;18;312.7
2010;10;19;322.9
2010;10;20;330.0
2010;10;21;332.7
2010;10;22;322.5
2010;10;23;296.4
2010;10;24;265.8
2010;10;25;312.0
2010;10;26;320.1
2010;10;27;263.8
2010;10;28;317.2
2010;10;29;325.4
2010;10;30;291.8
2010;10;31;265.4
2010;11;1;317.5
2010;11;2;330.9
2010;11;3;341.5
2010;11;4;331.6
2010;11;5;329.2
2010;11;6;310.1
2010;11;7;294.4
2010;11;8;328.6
2010;11;9;318.9
2010;11;10;318.6
2010;11;11;322.7
2010;11;12;328.8
2010;11;13;303.0
2010;11;14;274.7
2010;11;15;319.5
2010;11;16;326.8
2010;11;17;333.1
2010;11;18;339.7
2010;11;19;341.6
2010;11;20;316.2
2010;11;21;289.2
2010;11;22;280.1
2010;11;23;330.5
2010;11;24;349.1
2010;11;25;362.2
2010;11;26;375.8
2010;11;27;329.7
2010;11;28;276.5
2010;11;29;325.7
2010;11;30;346.1
2010;12;1;364.7
2010;12;2;368.3
2010;12;3;355.5
2010;12;4;315.0
2010;12;5;288.0
2010;12;6;359.2
2010;12;7;381.0
2010;12;8;316.0
2010;12;9;352.1
2010;12;10;361.4
2010;12;11;329.0
2010;12;12;272.8
2010;12;13;321.5
2010;12;14;348.0
2010;12;15;374.4
2010;12;16;389.1
2010;12;17;398.3
2010;12;18;331.3
2010;12;19;298.1
2010;12;20;368.5
2010;12;21;397.6
2010;12;22;418.3
2010;12;23;419.1
2010;12;24;356.2
2010;12;25;311.3
2010;12;26;336.6
2010;12;27;413.6
2010;12;28;407.9
2010;12;29;395.0
2010;12;30;384.8
2010;12;31;338.4
2011;1;1;294.5
2011;1;2;306.3
2011;1;3;363.5
2011;1;4;367.9
2011;1;5;353.9
2011;1;6;352.4
2011;1;7;367.8
2011;1;8;337.9
2011;1;9;300.6
2011;1;10;344.8
2011;1;11;355.4
2011;1;12;366.1
2011;1;13;385.0
2011;1;14;389.1
2011;1;15;362.8
2011;1;16;330.7
2011;1;17;342.7
2011;1;18;365.6
2011;1;19;373.3
2011;1;20;348.0
2011;1;21;356.8
2011;1;22;348.8
2011;1;23;340.6
2011;1;24;417.0
2011;1;25;425.2
2011;1;26;404.6
2011;1;27;403.4
2011;1;28;402.1
2011;1;29;359.1
2011;1;30;346.2
2011;1;31;389.6
2011;2;1;353.7
2011;2;2;363.3
2011;2;3;393.5
2011;2;4;380.2
2011;2;5;354.5
2011;2;6;306.1
2011;2;7;357.1
2011;2;8;348.3
2011;2;9;349.3
2011;2;10;350.3
2011;2;11;358.2
2011;2;12;338.0
2011;2;13;318.1
2011;2;14;370.4
2011;2;15;384.6
2011;2;16;396.6
2011;2;17;417.1
2011;2;18;389.2
2011;2;19;337.5
2011;2;20;308.3
2011;2;21;369.3
2011;2;22;380.6
2011;2;23;369.0
2011;2;24;352.0
2011;2;25;348.7
2011;2;26;329.8
2011;2;27;317.8
2011;2;28;379.2
2011;3;1;380.3
2011;3;2;380.9
2011;3;3;387.5
2011;3;4;397.2
2011;3;5;359.1
2011;3;6;322.6
2011;3;7;324.7
2011;3;8;344.8
2011;3;9;417.8
2011;3;10;432.8
2011;3;11;429.5
2011;3;12;368.7
2011;3;13;287.1
2011;3;14;327.6
2011;3;15;340.2
2011;3;16;350.8
2011;3;17;356.5
2011;3;18;345.3
2011;3;19;322.9
2011;3;20;298.9
2011;3;21;363.3
2011;3;22;390.3
2011;3;23;360.2
2011;3;24;304.7
2011;3;25;299.1
2011;3;26;302.2
2011;3;27;280.6
2011;3;28;330.3
2011;3;29;341.0
2011;3;30;349.1
2011;3;31;358.8
2011;4;1;362.1
2011;4;2;313.4
2011;4;3;295.3
2011;4;4;339.2
2011;4;5;344.1
2011;4;6;350.0
2011;4;7;351.3
2011;4;8;343.8
2011;4;9;310.6
2011;4;10;287.1
2011;4;11;339.5
2011;4;12;351.3
2011;4;13;349.8
2011;4;14;339.5
2011;4;15;333.8
2011;4;16;306.9
2011;4;17;280.4
2011;4;18;324.9
2011;4;19;330.2
2011;4;20;336.6
2011;4;21;327.1
2011;4;22;285.0
2011;4;23;293.3
2011;4;24;274.5
2011;4;25;326.8
2011;4;26;335.9
2011;4;27;339.5
2011;4;28;340.6
2011;4;29;337.7
2011;4;30;310.0
2011;5;1;271.8
2011;5;2;338.1
2011;5;3;352.0
2011;5;4;348.3
2011;5;5;343.4
2011;5;6;340.6
2011;5;7;315.9
2011;5;8;288.6
2011;5;9;344.1
2011;5;10;349.0
2011;5;11;345.9
2011;5;12;343.6
2011;5;13;347.7
2011;5;14;320.2
2011;5;15;292.7
2011;5;16;339.9
2011;5;17;347.2
2011;5;18;346.9
2011;5;19;347.0
2011;5;20;347.6
2011;5;21;318.4
2011;5;22;294.4
2011;5;23;353.3
2011;5;24;366.6
2011;5;25;317.5
2011;5;26;360.2
2011;5;27;364.6
2011;5;28;334.7
2011;5;29;307.2
2011;5;30;360.4
2011;5;31;361.7
2011;6;1;361.0
2011;6;2;366.6
2011;6;3;367.4
2011;6;4;348.9
2011;6;5;326.9
2011;6;6;381.9
2011;6;7;383.2
2011;6;8;382.7
2011;6;9;377.5
2011;6;10;371.8
2011;6;11;331.7
2011;6;12;303.7
2011;6;13;367.6
2011;6;14;381.2
2011;6;15;375.4
2011;6;16;366.1
2011;6;17;368.7
2011;6;18;348.8
2011;6;19;303.7
2011;6;20;313.4
2011;6;21;376.8
2011;6;22;384.8
2011;6;23;384.4
2011;6;24;383.4
2011;6;25;373.0
2011;6;26;350.7
2011;6;27;404.0
2011;6;28;407.3
2011;6;29;404.8
2011;6;30;409.6
2011;7;1;413.9
2011;7;2;386.3
2011;7;3;363.4
2011;7;4;416.2
2011;7;5;416.6
2011;7;6;415.2
2011;7;7;406.1
2011;7;8;392.3
2011;7;9;333.3
2011;7;10;307.5
2011;7;11;353.9
2011;7;12;350.5
2011;7;13;358.7
2011;7;14;366.4
2011;7;15;362.2
2011;7;16;331.9
2011;7;17;312.9
2011;7;18;381.8
2011;7;19;402.3
2011;7;20;405.5
2011;7;21;393.9
2011;7;22;383.4
2011;7;23;346.1
2011;7;24;307.9
2011;7;25;338.1
2011;7;26;352.1
2011;7;27;364.6
2011;7;28;359.3
2011;7;29;373.2
2011;7;30;365.3
2011;7;31;353.5
2011;8;1;416.4
2011;8;2;420.3
2011;8;3;405.4
2011;8;4;402.2
2011;8;5;383.0
2011;8;6;335.6
2011;8;7;303.5
2011;8;8;365.6
2011;8;9;364.4
2011;8;10;355.2
2011;8;11;344.0
2011;8;12;350.7
2011;8;13;321.0
2011;8;14;294.1
2011;8;15;357.8
2011;8;16;368.6
2011;8;17;371.8
2011;8;18;373.5
2011;8;19;388.3
2011;8;20;365.9
2011;8;21;333.4
2011;8;22;341.3
2011;8;23;384.4
2011;8;24;381.1
2011;8;25;373.0
2011;8;26;375.6
2011;8;27;349.5
2011;8;28;303.8
2011;8;29;349.3
2011;8;30;356.8
2011;8;31;363.0
2011;9;1;364.2
2011;9;2;359.1
2011;9;3;318.1
2011;9;4;298.5
2011;9;5;346.8
2011;9;6;348.2
2011;9;7;334.2
2011;9;8;336.4
2011;9;9;335.3
2011;9;10;307.5
2011;9;11;283.3
2011;9;12;328.0
2011;9;13;337.5
2011;9;14;343.3
2011;9;15;340.6
2011;9;16;345.4
2011;9;17;307.2
2011;9;18;283.0
2011;9;19;327.1
2011;9;20;331.8
2011;9;21;329.7
2011;9;22;342.6
2011;9;23;345.3
2011;9;24;311.9
2011;9;25;279.2
2011;9;26;328.9
2011;9;27;337.3
2011;9;28;344.0
2011;9;29;343.9
2011;9;30;343.2
2011;10;1;308.0
2011;10;2;276.4
2011;10;3;326.6
2011;10;4;339.9
2011;10;5;337.2
2011;10;6;340.8
2011;10;7;344.5
2011;10;8;309.9
2011;10;9;277.9
2011;10;10;277.8
2011;10;11;326.5
2011;10;12;339.0
2011;10;13;333.5
2011;10;14;329.8
2011;10;15;304.4
2011;10;16;270.0
2011;10;17;322.1
2011;10;18;333.1
2011;10;19;333.1
2011;10;20;338.4
2011;10;21;344.2
2011;10;22;311.3
2011;10;23;275.6
2011;10;24;323.7
2011;10;25;327.4
2011;10;26;324.9
2011;10;27;327.3
2011;10;28;333.3
2011;10;29;300.6
2011;10;30;267.3
2011;10;31;319.7
2011;11;1;329.4
2011;11;2;336.6
2011;11;3;350.5
2011;11;4;357.9
2011;11;5;326.1
2011;11;6;295.8
2011;11;7;358.0
2011;11;8;373.1
2011;11;9;356.4
2011;11;10;333.2
2011;11;11;332.0
2011;11;12;309.6
2011;11;13;276.8
2011;11;14;327.0
2011;11;15;341.3
2011;11;16;353.3
2011;11;17;352.9
2011;11;18;362.6
2011;11;19;336.9
2011;11;20;291.3
2011;11;21;329.0
2011;11;22;343.7
2011;11;23;355.6
2011;11;24;383.7
2011;11;25;401.0
2011;11;26;359.6
2011;11;27;334.3
2011;11;28;339.7
2011;11;29;401.8
2011;11;30;346.3
2011;12;1;333.6
2011;12;2;349.5
2011;12;3;332.2
2011;12;4;304.1
2011;12;5;365.4
2011;12;6;374.4
2011;12;7;379.6
2011;12;8;330.6
2011;12;9;332.2
2011;12;10;348.0
2011;12;11;328.3
2011;12;12;356.2
2011;12;13;352.5
2011;12;14;356.6
2011;12;15;359.2
2011;12;16;360.8
2011;12;17;334.3
2011;12;18;317.9
2011;12;19;396.1
2011;12;20;428.3
2011;12;21;430.3
2011;12;22;412.2
2011;12;23;362.8
2011;12;24;287.6
2011;12;25;250.1
2011;12;26;335.1
2011;12;27;382.8
2011;12;28;389.6
2011;12;29;384.8
2011;12;30;380.6
2011;12;31;342.9
2012;1;1;300.3
2012;1;2;378.2
2012;1;3;393.6
2012;1;4;387.3
2012;1;5;402.3
2012;1;6;404.0
2012;1;7;361.2
2012;1;8;344.8
2012;1;9;436.6
2012;1;10;435.0
2012;1;11;376.1
2012;1;12;355.2
2012;1;13;358.0
2012;1;14;333.9
2012;1;15;318.4
2012;1;16;389.9
2012;1;17;407.5
2012;1;18;412.6
2012;1;19;429.6
2012;1;20;436.5
2012;1;21;390.4
2012;1;22;342.6
2012;1;23;401.3
2012;1;24;366.0
2012;1;25;348.0
2012;1;26;352.8
2012;1;27;366.8
2012;1;28;349.5
2012;1;29;352.0
2012;1;30;402.1
2012;1;31;386.0
2012;2;1;391.9
2012;2;2;389.7
2012;2;3;404.0
2012;2;4;396.4
2012;2;5;363.5
2012;2;6;431.8
2012;2;7;454.8
2012;2;8;392.4
2012;2;9;364.7
2012;2;10;362.9
2012;2;11;338.1
2012;2;12;327.1
2012;2;13;402.6
2012;2;14;428.6
2012;2;15;447.2
2012;2;16;449.8
2012;2;17;435.6
2012;2;18;408.3
2012;2;19;347.2
2012;2;20;333.5
2012;2;21;310.8
2012;2;22;352.1
2012;2;23;353.6
2012;2;24;360.7
2012;2;25;338.5
2012;2;26;297.8
2012;2;27;315.7
2012;2;28;362.0
2012;2;29;368.1
2012;3;1;347.5
2012;3;2;355.1
2012;3;3;344.0
2012;3;4;347.8
2012;3;5;406.7
2012;3;6;385.5
2012;3;7;399.8
2012;3;8;411.3
2012;3;9;414.7
2012;3;10;380.0
2012;3;11;362.5
2012;3;12;405.2
2012;3;13;378.1
2012;3;14;355.0
2012;3;15;349.5
2012;3;16;351.8
2012;3;17;330.1
2012;3;18;319.8
2012;3;19;391.4
2012;3;20;366.6
2012;3;21;356.4
2012;3;22;344.0
2012;3;23;335.1
2012;3;24;293.7
2012;3;25;281.0
2012;3;26;328.6
2012;3;27;334.1
2012;3;28;339.0
2012;3;29;337.4
2012;3;30;340.8
2012;3;31;316.1
2012;4;1;288.8
2012;4;2;298.5
2012;4;3;341.2
2012;4;4;347.9
2012;4;5;300.0
2012;4;6;264.7
2012;4;7;286.2
2012;4;8;274.3
2012;4;9;330.1
2012;4;10;342.7
2012;4;11;346.6
2012;4;12;350.0
2012;4;13;348.4
2012;4;14;313.0
2012;4;15;280.3
2012;4;16;332.5
2012;4;17;342.2
2012;4;18;345.9
2012;4;19;346.0
2012;4;20;347.8
2012;4;21;309.2
2012;4;22;281.7
2012;4;23;333.4
2012;4;24;347.0
2012;4;25;357.3
2012;4;26;356.3
2012;4;27;362.0
2012;4;28;340.7
2012;4;29;311.6
2012;4;30;307.4
2012;5;1;284.1
2012;5;2;337.1
2012;5;3;341.7
2012;5;4;339.7
2012;5;5;312.0
2012;5;6;286.0
2012;5;7;333.5
2012;5;8;341.4
2012;5;9;346.4
2012;5;10;334.8
2012;5;11;345.7
2012;5;12;329.9
2012;5;13;304.0
2012;5;14;345.9
2012;5;15;351.8
2012;5;16;348.5
2012;5;17;348.4
2012;5;18;354.5
2012;5;19;329.8
2012;5;20;300.0
2012;5;21;355.1
2012;5;22;364.1
2012;5;23;364.8
2012;5;24;359.6
2012;5;25;313.2
2012;5;26;315.8
2012;5;27;294.4
2012;5;28;341.7
2012;5;29;347.2
2012;5;30;349.2
2012;5;31;357.6
2012;6;1;359.8
2012;6;2;325.1
2012;6;3;307.2
2012;6;4;374.3
2012;6;5;387.9
2012;6;6;409.5
2012;6;7;417.2
2012;6;8;416.0
2012;6;9;383.7
2012;6;10;343.8
2012;6;11;389.0
2012;6;12;385.9
2012;6;13;367.4
2012;6;14;358.3
2012;6;15;379.9
2012;6;16;371.2
2012;6;17;348.9
2012;6;18;403.3
2012;6;19;400.6
2012;6;20;348.7
2012;6;21;381.6
2012;6;22;381.5
2012;6;23;347.9
2012;6;24;319.1
2012;6;25;384.1
2012;6;26;385.6
2012;6;27;364.4
2012;6;28;364.6
2012;6;29;363.9
2012;6;30;340.7
2012;7;1;303.9
2012;7;2;381.5
2012;7;3;402.1
2012;7;4;416.4
2012;7;5;416.2
2012;7;6;416.5
2012;7;7;382.6
2012;7;8;348.4
2012;7;9;345.9
2012;7;10;405.2
2012;7;11;424.2
2012;7;12;416.7
2012;7;13;401.2
2012;7;14;374.4
2012;7;15;359.4
2012;7;16;412.5
2012;7;17;415.3
2012;7;18;406.0
2012;7;19;388.7
2012;7;20;376.1
2012;7;21;341.8
2012;7;22;320.0
2012;7;23;382.2
2012;7;24;396.0
2012;7;25;403.5
2012;7;26;400.4
2012;7;27;401.4
2012;7;28;358.8
2012;7;29;334.3
2012;7;30;404.0
2012;7;31;414.7
2012;8;1;399.6
2012;8;2;403.5
2012;8;3;405.9
2012;8;4;367.3
2012;8;5;331.7
2012;8;6;387.1
2012;8;7;387.8
2012;8;8;386.4
2012;8;9;378.7
2012;8;10;363.9
2012;8;11;338.4
2012;8;12;304.9
2012;8;13;365.3
2012;8;14;380.7
2012;8;15;369.9
2012;8;16;366.7
2012;8;17;366.8
2012;8;18;332.0
2012;8;19;294.4
2012;8;20;306.9
2012;8;21;352.8
2012;8;22;353.7
2012;8;23;350.1
2012;8;24;365.5
2012;8;25;354.5
2012;8;26;334.9
2012;8;27;389.5
2012;8;28;388.9
2012;8;29;377.5
2012;8;30;360.0
2012;8;31;348.9
2012;9;1;314.7
2012;9;2;286.1
2012;9;3;348.2
2012;9;4;362.0
2012;9;5;372.1
2012;9;6;376.3
2012;9;7;353.1
2012;9;8;318.5
2012;9;9;297.1
2012;9;10;345.9
2012;9;11;345.8
2012;9;12;343.1
2012;9;13;340.6
2012;9;14;341.7
2012;9;15;320.5
2012;9;16;295.6
2012;9;17;346.3
2012;9;18;357.6
2012;9;19;366.4
2012;9;20;362.8
2012;9;21;356.4
2012;9;22;320.4
2012;9;23;286.1
2012;9;24;297.0
2012;9;25;359.6
2012;9;26;363.4
2012;9;27;359.1
2012;9;28;351.3
2012;9;29;317.7
2012;9;30;287.8
2012;10;1;338.7
2012;10;2;352.9
2012;10;3;350.8
2012;10;4;349.4
2012;10;5;352.1
2012;10;6;322.3
2012;10;7;296.2
2012;10;8;301.4
2012;10;9;341.2
2012;10;10;349.9
2012;10;11;348.0
2012;10;12;344.0
2012;10;13;315.5
2012;10;14;290.3
2012;10;15;339.2
2012;10;16;348.1
2012;10;17;347.8
2012;10;18;346.2
2012;10;19;355.9
2012;10;20;324.3
2012;10;21;286.1
2012;10;22;337.3
2012;10;23;342.2
2012;10;24;339.5
2012;10;25;343.0
2012;10;26;353.4
2012;10;27;335.3
2012;10;28;305.9
2012;10;29;348.7
2012;10;30;347.4
2012;10;31;348.4
2012;11;1;354.2
2012;11;2;360.6
2012;11;3;342.7
2012;11;4;313.2
2012;11;5;384.5
2012;11;6;413.1
2012;11;7;426.8
2012;11;8;442.5
2012;11;9;393.1
2012;11;10;318.8
2012;11;11;284.9
2012;11;12;334.6
2012;11;13;343.8
2012;11;14;350.6
2012;11;15;356.8
2012;11;16;366.2
2012;11;17;342.1
2012;11;18;312.1
2012;11;19;370.2
2012;11;20;387.8
2012;11;21;418.8
2012;11;22;384.9
2012;11;23;355.5
2012;11;24;323.4
2012;11;25;290.5
2012;11;26;301.8
2012;11;27;382.5
2012;11;28;388.9
2012;11;29;365.2
2012;11;30;362.9
2012;12;1;337.6
2012;12;2;339.1
2012;12;3;415.0
2012;12;4;415.9
2012;12;5;431.7
2012;12;6;425.9
2012;12;7;364.0
2012;12;8;326.1
2012;12;9;338.0
2012;12;10;410.1
2012;12;11;398.7
2012;12;12;432.6
2012;12;13;417.5
2012;12;14;419.3
2012;12;15;390.0
2012;12;16;352.8
2012;12;17;376.9
2012;12;18;379.5
2012;12;19;391.5
2012;12;20;365.9
2012;12;21;362.4
2012;12;22;352.8
2012;12;23;359.6
2012;12;24;404.0
2012;12;25;315.6
2012;12;26;342.2
2012;12;27;343.5
2012;12;28;351.7
2012;12;29;345.1
2012;12;30;352.7
2012;12;31;359.2
2013;1;1;258.1
2013;1;2;317.7
2013;1;3;346.4
2013;1;4;381.9
2013;1;5;357.3
2013;1;6;331.3
2013;1;7;403.6
2013;1;8;399.3
2013;1;9;408.4
2013;1;10;426.1
2013;1;11;429.7
2013;1;12;386.1
2013;1;13;357.1
2013;1;14;413.8
2013;1;15;428.9
2013;1;16;429.1
2013;1;17;413.2
2013;1;18;407.7
2013;1;19;352.0
2013;1;20;311.5
2013;1;21;371.3
2013;1;22;400.5
2013;1;23;432.6
2013;1;24;443.4
2013;1;25;370.1
2013;1;26;334.8
2013;1;27;327.9
2013;1;28;419.7
2013;1;29;445.2
2013;1;30;455.7
2013;1;31;409.6
2013;2;1;455.7
2013;2;2;376.2
2013;2;3;318.6
2013;2;4;371.8
2013;2;5;399.0
2013;2;6;412.5
2013;2;7;420.3
2013;2;8;429.1
2013;2;9;398.3
2013;2;10;362.9
2013;2;11;350.3
2013;2;12;379.5
2013;2;13;419.5
2013;2;14;421.2
2013;2;15;439.5
2013;2;16;415.5
2013;2;17;355.6
2013;2;18;351.8
2013;2;19;348.6
2013;2;20;318.1
2013;2;21;354.1
2013;2;22;365.2
2013;2;23;348.6
2013;2;24;328.3
2013;2;25;348.7
2013;2;26;346.7
2013;2;27;354.6
2013;2;28;366.0
2013;3;1;380.9
2013;3;2;336.6
2013;3;3;291.8
2013;3;4;332.5
2013;3;5;345.3
2013;3;6;359.7
2013;3;7;378.6
2013;3;8;394.6
2013;3;9;377.8
2013;3;10;317.2
2013;3;11;358.4
2013;3;12;355.4
2013;3;13;345.9
2013;3;14;340.6
2013;3;15;343.3
2013;3;16;315.6
2013;3;17;289.4
2013;3;18;336.0
2013;3;19;344.8
2013;3;20;349.4
2013;3;21;352.7
2013;3;22;350.9
2013;3;23;325.1
2013;3;24;296.1
2013;3;25;348.0
2013;3;26;353.1
2013;3;27;352.0
2013;3;28;344.4
2013;3;29;302.0
2013;3;30;314.9
2013;3;31;298.9
2013;4;1;298.3
2013;4;2;292.0
2013;4;3;333.4
2013;4;4;340.3
2013;4;5;344.4
2013;4;6;316.3
2013;4;7;287.9
2013;4;8;339.1
2013;4;9;347.4
2013;4;10;351.0
2013;4;11;355.5
2013;4;12;346.7
2013;4;13;320.5
2013;4;14;290.1
2013;4;15;337.7
2013;4;16;349.1
2013;4;17;354.1
2013;4;18;352.6
2013;4;19;354.0
2013;4;20;323.7
2013;4;21;295.8
2013;4;22;349.1
2013;4;23;359.9
2013;4;24;360.6
2013;4;25;362.1
2013;4;26;361.5
2013;4;27;329.1
2013;4;28;297.4
2013;4;29;345.1
2013;4;30;350.2
2013;5;1;290.0
2013;5;2;348.4
2013;5;3;360.1
2013;5;4;325.6
2013;5;5;294.0
2013;5;6;344.5
2013;5;7;353.1
2013;5;8;356.0
2013;5;9;351.5
2013;5;10;351.7
2013;5;11;322.7
2013;5;12;295.5
2013;5;13;348.4
2013;5;14;357.4
2013;5;15;375.0
2013;5;16;390.4
2013;5;17;392.3
2013;5;18;369.3
2013;5;19;336.3
2013;5;20;388.7
2013;5;21;392.9
2013;5;22;393.3
2013;5;23;387.4
2013;5;24;378.8
2013;5;25;327.1
2013;5;26;314.8
2013;5;27;364.1
2013;5;28;374.3
2013;5;29;374.0
2013;5;30;380.0
2013;5;31;373.7
2013;6;1;340.1
2013;6;2;319.7
2013;6;3;369.8
2013;6;4;371.9
2013;6;5;371.1
2013;6;6;380.4
2013;6;7;382.7
2013;6;8;356.2
2013;6;9;329.9
2013;6;10;367.9
2013;6;11;373.6
2013;6;12;363.5
2013;6;13;359.3
2013;6;14;371.0
2013;6;15;356.3
2013;6;16;332.8
2013;6;17;394.8
2013;6;18;403.1
2013;6;19;417.5
2013;6;20;380.1
2013;6;21;366.2
2013;6;22;362.9
2013;6;23;352.4
2013;6;24;409.2
2013;6;25;419.9
2013;6;26;413.6
2013;6;27;402.6
2013;6;28;394.6
2013;6;29;359.1
2013;6;30;337.0
2013;7;1;388.3
2013;7;2;391.2
2013;7;3;381.1
2013;7;4;374.1
2013;7;5;378.7
2013;7;6;355.4
2013;7;7;345.4
2013;7;8;397.5
2013;7;9;372.9
2013;7;10;400.4
2013;7;11;394.7
2013;7;12;392.8
2013;7;13;359.8
2013;7;14;332.5
2013;7;15;387.6
2013;7;16;379.2
2013;7;17;365.2
2013;7;18;392.9
2013;7;19;418.5
2013;7;20;387.5
2013;7;21;382.5
2013;7;22;451.9
2013;7;23;450.6
2013;7;24;440.0
2013;7;25;428.8
2013;7;26;423.0
2013;7;27;363.6
2013;7;28;328.0
2013;7;29;376.5
2013;7;30;380.5
2013;7;31;367.0
2013;8;1;392.2
2013;8;2;401.5
2013;8;3;369.3
2013;8;4;331.2
2013;8;5;374.9
2013;8;6;379.6
2013;8;7;372.5
2013;8;8;379.8
2013;8;9;396.2
2013;8;10;372.3
2013;8;11;340.3
2013;8;12;394.3
2013;8;13;426.3
2013;8;14;425.3
2013;8;15;421.3
2013;8;16;403.6
2013;8;17;366.9
2013;8;18;323.7
2013;8;19;314.3
2013;8;20;350.4
2013;8;21;357.7
2013;8;22;386.7
2013;8;23;416.6
2013;8;24;394.5
2013;8;25;366.0
2013;8;26;425.2
2013;8;27;421.2
2013;8;28;390.4
2013;8;29;363.8
2013;8;30;353.6
2013;8;31;321.6
2013;9;1;293.4
2013;9;2;345.6
2013;9;3;366.9
2013;9;4;382.8
2013;9;5;383.6
2013;9;6;369.1
2013;9;7;334.2
2013;9;8;305.7
2013;9;9;360.8
2013;9;10;387.0
2013;9;11;390.6
2013;9;12;377.5
2013;9;13;382.8
2013;9;14;373.7
2013;9;15;356.5
2013;9;16;425.7
2013;9;17;426.5
2013;9;18;409.1
2013;9;19;384.0
2013;9;20;368.9
2013;9;21;352.4
2013;9;22;333.0
2013;9;23;386.7
2013;9;24;390.5
2013;9;25;385.5
2013;9;26;369.8
2013;9;27;365.8
2013;9;28;343.6
2013;9;29;327.5
2013;9;30;385.7
2013;10;1;389.8
2013;10;2;378.3
2013;10;3;373.8
2013;10;4;364.4
2013;10;5;328.8
2013;10;6;295.7
2013;10;7;343.5
2013;10;8;355.7
2013;10;9;360.1
2013;10;10;359.9
2013;10;11;357.3
2013;10;12;325.6
2013;10;13;293.7
2013;10;14;302.2
2013;10;15;360.2
2013;10;16;372.0
2013;10;17;370.5
2013;10;18;373.0
2013;10;19;351.4
2013;10;20;315.6
2013;10;21;353.4
2013;10;22;359.0
2013;10;23;372.5
2013;10;24;352.5
2013;10;25;352.8
2013;10;26;329.4
2013;10;27;296.4
2013;10;28;352.7
2013;10;29;367.2
2013;10;30;379.7
2013;10;31;377.6
2013;11;1;366.0
2013;11;2;325.5
2013;11;3;293.9
2013;11;4;349.2
2013;11;5;364.5
2013;11;6;374.1
2013;11;7;376.7
2013;11;8;376.1
2013;11;9;342.7
2013;11;10;312.4
2013;11;11;352.0
2013;11;12;364.6
2013;11;13;377.6
2013;11;14;409.3
2013;11;15;378.8
2013;11;16;333.1
2013;11;17;311.7
2013;11;18;380.9
2013;11;19;374.1
2013;11;20;378.4
2013;11;21;388.4
2013;11;22;397.3
2013;11;23;373.5
2013;11;24;357.0
2013;11;25;336.8
2013;11;26;368.8
2013;11;27;362.2
2013;11;28;365.0
2013;11;29;373.2
2013;11;30;359.1
2013;12;1;345.2
2013;12;2;427.7
2013;12;3;372.3
2013;12;4;402.1
2013;12;5;408.5
2013;12;6;390.2
2013;12;7;383.1
2013;12;8;372.4
2013;12;9;389.9
2013;12;10;387.3
2013;12;11;402.4
2013;12;12;411.8
2013;12;13;434.8
2013;12;14;423.7
2013;12;15;406.2
2013;12;16;476.1
2013;12;17;490.5
2013;12;18;466.5
2013;12;19;459.6
2013;12;20;465.0
2013;12;21;441.8
2013;12;22;425.5
2013;12;23;490.8
2013;12;24;457.3
2013;12;25;414.6
2013;12;26;487.0
2013;12;27;479.0
2013;12;28;456.0
2013;12;29;426.8
2013;12;30;480.6
2013;12;31;394.3
2014;1;1;366.2
2014;1;2;386.6
2014;1;3;346.9
2014;1;4;340.4
2014;1;5;356.3
2014;1;6;455.0
2014;1;7;450.8
2014;1;8;409.7
2014;1;9;442.8
2014;1;10;439.6
2014;1;11;356.7
2014;1;12;315.1
2014;1;13;387.1
2014;1;14;429.7
2014;1;15;463.4
2014;1;16;489.8
2014;1;17;503.6
2014;1;18;477.9
2014;1;19;412.9
2014;1;20;492.2
2014;1;21;481.1
2014;1;22;495.5
2014;1;23;507.6
2014;1;24;392.4
2014;1;25;324.1
2014;1;26;309.8
2014;1;27;397.6
2014;1;28;411.7
2014;1;29;416.2
2014;1;30;438.3
2014;1;31;466.1
2014;2;1;406.4
2014;2;2;358.1
2014;2;3;400.3
2014;2;4;415.7
2014;2;5;440.0
2014;2;6;394.8
2014;2;7;404.6
2014;2;8;410.8
2014;2;9;362.5
2014;2;10;414.4
2014;2;11;413.9
2014;2;12;412.1
2014;2;13;386.8
2014;2;14;358.1
2014;2;15;324.5
2014;2;16;309.9
2014;2;17;373.6
2014;2;18;392.5
2014;2;19;394.8
2014;2;20;394.3
2014;2;21;395.4
2014;2;22;353.3
2014;2;23;329.1
2014;2;24;384.5
2014;2;25;356.4
2014;2;26;347.7
2014;2;27;348.0
2014;2;28;355.5
2014;3;1;328.1
2014;3;2;303.1
2014;3;3;302.3
2014;3;4;309.3
2014;3;5;364.0
2014;3;6;368.2
2014;3;7;367.7
2014;3;8;339.8
2014;3;9;309.6
2014;3;10;341.8
2014;3;11;353.9
2014;3;12;369.0
2014;3;13;381.2
2014;3;14;378.5
2014;3;15;330.4
2014;3;16;311.8
2014;3;17;359.4
2014;3;18;348.2
2014;3;19;345.9
2014;3;20;350.1
2014;3;21;348.4
2014;3;22;318.7
2014;3;23;291.6
2014;3;24;297.8
2014;3;25;350.0
2014;3;26;362.3
2014;3;27;369.8
2014;3;28;375.1
2014;3;29;350.5
2014;3;30;314.1
2014;3;31;351.8
2014;4;1;359.6
2014;4;2;322.5
2014;4;3;367.5
2014;4;4;385.4
2014;4;5;356.6
2014;4;6;326.7
2014;4;7;379.3
2014;4;8;371.5
2014;4;9;358.1
2014;4;10;331.7
2014;4;11;348.3
2014;4;12;325.5
2014;4;13;309.9
2014;4;14;353.2
2014;4;15;358.8
2014;4;16;354.6
2014;4;17;348.8
2014;4;18;306.2
2014;4;19;316.2
2014;4;20;301.2
2014;4;21;351.5
2014;4;22;359.2
2014;4;23;359.6
2014;4;24;360.5
2014;4;25;358.4
2014;4;26;334.3
2014;4;27;306.7
2014;4;28;354.3
2014;4;29;364.7
2014;4;30;360.5
2014;5;1;290.8
2014;5;2;304.0
2014;5;3;315.2
2014;5;4;302.0
2014;5;5;354.0
2014;5;6;362.5
2014;5;7;363.1
2014;5;8;369.2
2014;5;9;364.2
2014;5;10;335.0
2014;5;11;314.8
2014;5;12;362.5
2014;5;13;357.1
2014;5;14;361.9
2014;5;15;364.9
2014;5;16;368.1
2014;5;17;342.1
2014;5;18;322.4
2014;5;19;375.3
2014;5;20;395.4
2014;5;21;404.8
2014;5;22;408.7
2014;5;23;411.6
2014;5;24;381.5
2014;5;25;343.7
2014;5;26;395.8
2014;5;27;406.1
2014;5;28;403.2
2014;5;29;395.8
2014;5;30;389.5
2014;5;31;363.2
2014;6;1;343.5
2014;6;2;385.9
2014;6;3;390.3
2014;6;4;396.7
2014;6;5;400.9
2014;6;6;403.4
2014;6;7;374.6
2014;6;8;350.6
2014;6;9;393.8
2014;6;10;396.4
2014;6;11;401.4
2014;6;12;396.4
2014;6;13;407.8
2014;6;14;386.8
2014;6;15;351.1
2014;6;16;397.1
2014;6;17;419.5
2014;6;18;427.7
2014;6;19;429.6
2014;6;20;379.9
2014;6;21;374.0
2014;6;22;344.6
2014;6;23;384.7
2014;6;24;398.1
2014;6;25;407.2
2014;6;26;415.6
2014;6;27;415.5
2014;6;28;391.1
2014;6;29;368.9
2014;6;30;423.9
2014;7;1;431.6
2014;7;2;427.6
2014;7;3;421.7
2014;7;4;422.6
2014;7;5;389.7
2014;7;6;382.9
2014;7;7;422.9
2014;7;8;427.7
2014;7;9;367.0
2014;7;10;417.8
2014;7;11;409.2
2014;7;12;373.9
2014;7;13;325.6
2014;7;14;373.1
2014;7;15;377.7
2014;7;16;389.4
2014;7;17;400.4
2014;7;18;401.6
2014;7;19;361.3
2014;7;20;325.0
2014;7;21;371.9
2014;7;22;390.4
2014;7;23;413.4
2014;7;24;422.7
2014;7;25;427.1
2014;7;26;402.2
2014;7;27;377.3
2014;7;28;422.9
2014;7;29;404.3
2014;7;30;383.8
2014;7;31;384.7
2014;8;1;369.7
2014;8;2;340.1
2014;8;3;309.0
2014;8;4;370.6
2014;8;5;386.1
2014;8;6;390.6
2014;8;7;390.1
2014;8;8;390.1
2014;8;9;355.5
2014;8;10;324.7
2014;8;11;394.4
2014;8;12;411.2
2014;8;13;415.9
2014;8;14;409.0
2014;8;15;394.9
2014;8;16;349.8
2014;8;17;308.2
2014;8;18;299.0
2014;8;19;346.8
2014;8;20;358.0
2014;8;21;362.7
2014;8;22;365.6
2014;8;23;341.7
2014;8;24;315.1
2014;8;25;395.2
2014;8;26;417.1
2014;8;27;410.7
2014;8;28;396.1
2014;8;29;386.6
2014;8;30;348.6
2014;8;31;310.1
2014;9;1;365.1
2014;9;2;374.0
2014;9;3;374.7
2014;9;4;375.2
2014;9;5;378.0
2014;9;6;340.2
2014;9;7;302.7
2014;9;8;355.4
2014;9;9;377.1
2014;9;10;373.0
2014;9;11;370.7
2014;9;12;366.8
2014;9;13;340.9
2014;9;14;317.6
2014;9;15;358.5
2014;9;16;362.8
2014;9;17;362.4
2014;9;18;360.7
2014;9;19;357.8
2014;9;20;326.8
2014;9;21;302.5
2014;9;22;352.8
2014;9;23;368.8
2014;9;24;364.2
2014;9;25;365.4
2014;9;26;363.8
2014;9;27;335.8
2014;9;28;310.0
2014;9;29;355.0
2014;9;30;365.0
2014;10;1;367.1
2014;10;2;376.0
2014;10;3;381.0
2014;10;4;344.7
2014;10;5;318.1
2014;10;6;358.0
2014;10;7;363.7
2014;10;8;377.2
2014;10;9;382.7
2014;10;10;368.5
2014;10;11;332.9
2014;10;12;301.3
2014;10;13;305.2
2014;10;14;358.8
2014;10;15;382.7
2014;10;16;397.0
2014;10;17;392.3
2014;10;18;360.7
2014;10;19;306.1
2014;10;20;358.4
2014;10;21;380.2
2014;10;22;401.0
2014;10;23;418.9
2014;10;24;428.6
2014;10;25;402.1
2014;10;26;378.7
2014;10;27;444.0
2014;10;28;430.0
2014;10;29;407.4
2014;10;30;382.1
2014;10;31;376.2
2014;11;1;337.4
2014;11;2;322.7
2014;11;3;365.6
2014;11;4;361.1
2014;11;5;364.2
2014;11;6;377.0
2014;11;7;386.7
2014;11;8;359.6
2014;11;9;336.7
2014;11;10;404.7
2014;11;11;407.6
2014;11;12;385.4
2014;11;13;368.1
2014;11;14;379.7
2014;11;15;371.8
2014;11;16;350.8
2014;11;17;420.9
2014;11;18;453.4
2014;11;19;415.7
2014;11;20;394.5
2014;11;21;374.1
2014;11;22;338.5
2014;11;23;322.7
2014;11;24;332.5
2014;11;25;367.5
2014;11;26;383.4
2014;11;27;400.9
2014;11;28;416.9
2014;11;29;389.2
2014;11;30;317.7
2014;12;1;350.4
2014;12;2;366.3
2014;12;3;390.4
2014;12;4;422.2
2014;12;5;440.7
2014;12;6;435.8
2014;12;7;373.9
2014;12;8;357.3
2014;12;9;455.8
2014;12;10;408.3
2014;12;11;393.2
2014;12;12;401.7
2014;12;13;384.7
2014;12;14;331.2
2014;12;15;387.2
2014;12;16;398.7
2014;12;17;414.8
2014;12;18;435.5
2014;12;19;463.4
2014;12;20;393.9
2014;12;21;315.9
2014;12;22;344.6
2014;12;23;356.8
2014;12;24;344.8
2014;12;25;329.6
2014;12;26;381.2
2014;12;27;377.4
2014;12;28;374.0
2014;12;29;451.4
2014;12;30;439.2
2014;12;31;384.9
2015;1;1;295.2
2015;1;2;320.9
2015;1;3;332.2
2015;1;4;329.8
2015;1;5;428.5
2015;1;6;438.7
2015;1;7;412.7
2015;1;8;436.0
2015;1;9;463.5
2015;1;10;428.1
2015;1;11;387.2
2015;1;12;460.6
2015;1;13;430.9
2015;1;14;420.3
2015;1;15;415.7
2015;1;16;449.4
2015;1;17;401.4
2015;1;18;362.9
2015;1;19;407.8
2015;1;20;374.7
2015;1;21;386.7
2015;1;22;407.7
2015;1;23;430.7
2015;1;24;424.2
2015;1;25;413.4
2015;1;26;496.1
2015;1;27;503.4
2015;1;28;442.9
2015;1;29;394.8
2015;1;30;393.3
2015;1;31;380.3
2015;2;1;377.3
2015;2;2;457.8
2015;2;3;449.7
2015;2;4;460.9
2015;2;5;476.4
2015;2;6;483.9
2015;2;7;441.6
2015;2;8;398.3
2015;2;9;451.4
2015;2;10;416.0
2015;2;11;425.2
2015;2;12;440.1
2015;2;13;412.2
2015;2;14;384.8
2015;2;15;351.2
2015;2;16;362.6
2015;2;17;383.6
2015;2;18;417.0
2015;2;19;375.0
2015;2;20;369.0
2015;2;21;350.8
2015;2;22;348.3
2015;2;23;441.0
2015;2;24;478.8
2015;2;25;432.4
2015;2;26;413.3
2015;2;27;402.4
2015;2;28;358.3
2015;3;1;340.0
2015;3;2;411.5
2015;3;3;413.4
2015;3;4;415.6
2015;3;5;428.8
2015;3;6;445.0
2015;3;7;426.0
2015;3;8;401.7
2015;3;9;460.1
2015;3;10;480.6
2015;3;11;486.1
2015;3;12;481.5
2015;3;13;469.0
2015;3;14;404.8
2015;3;15;356.1
2015;3;16;441.7
2015;3;17;477.0
2015;3;18;478.5
2015;3;19;472.1
2015;3;20;455.4
2015;3;21;355.0
2015;3;22;310.3
2015;3;23;315.6
2015;3;24;321.6
2015;3;25;363.3
2015;3;26;363.6
2015;3;27;361.6
2015;3;28;337.3
2015;3;29;315.1
2015;3;30;372.3
2015;3;31;353.6
2015;4;1;369.6
2015;4;2;343.9
2015;4;3;334.4
2015;4;4;346.5
2015;4;5;316.3
2015;4;6;359.6
2015;4;7;367.1
2015;4;8;369.9
2015;4;9;379.2
2015;4;10;391.8
2015;4;11;356.2
2015;4;12;327.9
2015;4;13;392.1
2015;4;14;393.3
2015;4;15;385.3
2015;4;16;380.2
2015;4;17;362.9
2015;4;18;329.4
2015;4;19;304.9
2015;4;20;356.6
2015;4;21;362.2
2015;4;22;362.2
2015;4;23;364.3
2015;4;24;366.4
2015;4;25;337.8
2015;4;26;310.1
2015;4;27;365.8
2015;4;28;372.0
2015;4;29;373.4
2015;4;30;368.8
2015;5;1;307.6
2015;5;2;324.0
2015;5;3;316.7
2015;5;4;369.6
2015;5;5;372.3
2015;5;6;378.0
2015;5;7;391.1
2015;5;8;384.0
2015;5;9;355.9
2015;5;10;322.7
2015;5;11;376.6
2015;5;12;381.7
2015;5;13;380.8
2015;5;14;377.2
2015;5;15;375.2
2015;5;16;346.1
2015;5;17;317.0
2015;5;18;371.5
2015;5;19;379.6
2015;5;20;379.6
2015;5;21;383.7
2015;5;22;384.0
2015;5;23;351.5
2015;5;24;327.2
2015;5;25;343.1
2015;5;26;402.8
2015;5;27;406.6
2015;5;28;400.4
2015;5;29;402.0
2015;5;30;374.2
2015;5;31;346.3
2015;6;1;391.4
2015;6;2;390.1
2015;6;3;386.9
2015;6;4;391.3
2015;6;5;394.1
2015;6;6;358.4
2015;6;7;331.6
2015;6;8;388.4
2015;6;9;389.8
2015;6;10;411.8
2015;6;11;421.1
2015;6;12;424.2
2015;6;13;394.2
2015;6;14;365.2
2015;6;15;427.5
2015;6;16;426.4
2015;6;17;429.2
2015;6;18;452.3
2015;6;19;460.4
2015;6;20;411.2
2015;6;21;376.1
2015;6;22;447.0
2015;6;23;469.7
2015;6;24;466.8
2015;6;25;443.0
2015;6;26;411.4
2015;6;27;373.9
2015;6;28;349.2
2015;6;29;392.9
2015;6;30;404.1
2015;7;1;426.9
2015;7;2;424.2
2015;7;3;447.2
2015;7;4;422.4
2015;7;5;399.3
2015;7;6;440.0
2015;7;7;444.0
2015;7;8;438.7
2015;7;9;387.8
2015;7;10;415.0
2015;7;11;392.7
2015;7;12;363.0
2015;7;13;427.2
2015;7;14;452.3
2015;7;15;455.6
2015;7;16;450.2
2015;7;17;439.5
2015;7;18;396.8
2015;7;19;362.9
2015;7;20;434.4
2015;7;21;458.1
2015;7;22;452.8
2015;7;23;443.7
2015;7;24;434.8
2015;7;25;406.0
2015;7;26;354.5
2015;7;27;393.1
2015;7;28;385.0
2015;7;29;387.9
2015;7;30;402.2
2015;7;31;397.0
2015;8;1;372.6
2015;8;2;339.4
2015;8;3;391.8
2015;8;4;406.2
2015;8;5;407.7
2015;8;6;396.4
2015;8;7;399.9
2015;8;8;382.5
2015;8;9;352.6
2015;8;10;413.1
2015;8;11;424.9
2015;8;12;443.0
2015;8;13;448.1
2015;8;14;447.3
2015;8;15;395.9
2015;8;16;361.1
2015;8;17;367.2
2015;8;18;397.7
2015;8;19;412.2
2015;8;20;421.1
2015;8;21;401.7
2015;8;22;363.7
2015;8;23;351.1
2015;8;24;410.7
2015;8;25;408.2
2015;8;26;389.3
2015;8;27;385.5
2015;8;28;381.7
2015;8;29;343.5
2015;8;30;316.9
2015;8;31;376.7
2015;9;1;403.9
2015;9;2;403.6
2015;9;3;398.6
2015;9;4;392.5
2015;9;5;352.8
2015;9;6;319.5
2015;9;7;365.4
2015;9;8;377.1
2015;9;9;408.0
2015;9;10;420.3
2015;9;11;429.3
2015;9;12;383.9
2015;9;13;336.0
2015;9;14;374.4
2015;9;15;377.2
2015;9;16;385.7
2015;9;17;384.5
2015;9;18;382.6
2015;9;19;349.7
2015;9;20;323.7
2015;9;21;394.6
2015;9;22;421.7
2015;9;23;423.5
2015;9;24;413.1
2015;9;25;399.0
2015;9;26;358.4
2015;9;27;324.1
2015;9;28;375.3
2015;9;29;389.7
2015;9;30;387.6
2015;10;1;391.9
2015;10;2;402.1
2015;10;3;376.7
2015;10;4;341.3
2015;10;5;383.7
2015;10;6;397.6
2015;10;7;394.6
2015;10;8;385.3
2015;10;9;394.3
2015;10;10;370.6
2015;10;11;344.9
2015;10;12;336.8
2015;10;13;372.9
2015;10;14;375.5
2015;10;15;381.3
2015;10;16;385.6
2015;10;17;355.5
2015;10;18;316.7
2015;10;19;376.0
2015;10;20;382.3
2015;10;21;379.4
2015;10;22;382.6
2015;10;23;383.2
2015;10;24;366.7
2015;10;25;331.9
2015;10;26;373.4
2015;10;27;383.2
2015;10;28;393.8
2015;10;29;395.4
2015;10;30;379.9
2015;10;31;345.6
2015;11;1;321.9
2015;11;2;370.0
2015;11;3;377.5
2015;11;4;372.2
2015;11;5;371.0
2015;11;6;373.5
2015;11;7;346.6
2015;11;8;325.2
2015;11;9;394.3
2015;11;10;397.4
2015;11;11;394.6
2015;11;12;396.3
2015;11;13;387.8
2015;11;14;360.4
2015;11;15;341.4
2015;11;16;402.0
2015;11;17;405.1
2015;11;18;397.0
2015;11;19;379.5
2015;11;20;367.5
2015;11;21;338.8
2015;11;22;321.4
2015;11;23;375.6
2015;11;24;384.7
2015;11;25;397.1
2015;11;26;401.7
2015;11;27;347.0
2015;11;28;334.3
2015;11;29;314.2
2015;11;30;382.5
2015;12;1;406.8
2015;12;2;413.2
2015;12;3;422.7
2015;12;4;425.4
2015;12;5;368.4
2015;12;6;322.6
2015;12;7;339.5
2015;12;8;354.9
2015;12;9;402.3
2015;12;10;436.1
2015;12;11;470.8
2015;12;12;438.4
2015;12;13;394.2
2015;12;14;437.3
2015;12;15;431.8
2015;12;16;449.0
2015;12;17;444.9
2015;12;18;409.2
2015;12;19;356.0
2015;12;20;340.4
2015;12;21;434.9
2015;12;22;441.1
2015;12;23;429.4
2015;12;24;380.3
2015;12;25;355.2
2015;12;26;420.2
2015;12;27;432.9
2015;12;28;501.7
2015;12;29;497.6
2015;12;30;485.2
2015;12;31;417.6
2016;1;1;363.2
2016;1;2;412.2
2016;1;3;387.3
2016;1;4;438.0
2016;1;5;433.3
2016;1;6;412.0
2016;1;7;409.6
2016;1;8;412.9
2016;1;9;384.8
2016;1;10;361.6
2016;1;11;448.1
2016;1;12;446.8
2016;1;13;430.2
2016;1;14;457.5
2016;1;15;466.9
2016;1;16;430.7
2016;1;17;415.8
2016;1;18;466.6
2016;1;19;480.5
2016;1;20;493.4
2016;1;21;509.3
2016;1;22;522.9
2016;1;23;461.6
2016;1;24;425.5
2016;1;25;438.8
2016;1;26;428.0
2016;1;27;417.5
2016;1;28;432.9
2016;1;29;437.8
2016;1;30;386.9
2016;1;31;347.7
2016;2;1;393.1
2016;2;2;411.9
2016;2;3;428.1
2016;2;4;454.8
2016;2;5;461.4
2016;2;6;430.2
2016;2;7;400.8
2016;2;8;383.5
2016;2;9;397.1
2016;2;10;464.4
2016;2;11;487.8
2016;2;12;523.9
2016;2;13;429.5
2016;2;14;386.7
2016;2;15;480.8
2016;2;16;510.5
2016;2;17;469.4
2016;2;18;475.9
2016;2;19;412.9
2016;2;20;373.2
2016;2;21;383.3
2016;2;22;481.2
2016;2;23;492.3
2016;2;24;501.4
2016;2;25;455.6
2016;2;26;419.7
2016;2;27;354.3
2016;2;28;341.1
2016;2;29;418.2
2016;3;1;397.6
2016;3;2;381.0
2016;3;3;390.4
2016;3;4;393.5
2016;3;5;345.1
2016;3;6;316.0
2016;3;7;368.0
2016;3;8;377.2
2016;3;9;374.6
2016;3;10;363.6
2016;3;11;362.9
2016;3;12;335.4
2016;3;13;312.5
2016;3;14;375.3
2016;3;15;405.1
2016;3;16;442.1
2016;3;17;470.1
2016;3;18;407.9
2016;3;19;331.8
2016;3;20;304.8
2016;3;21;353.7
2016;3;22;365.0
2016;3;23;368.6
2016;3;24;324.1
2016;3;25;298.1
2016;3;26;311.1
2016;3;27;299.7
2016;3;28;360.9
2016;3;29;381.3
2016;3;30;391.2
2016;3;31;399.9
2016;4;1;399.1
2016;4;2;343.3
2016;4;3;317.7
2016;4;4;373.0
2016;4;5;379.4
2016;4;6;376.7
2016;4;7;379.3
2016;4;8;376.0
2016;4;9;338.1
2016;4;10;314.6
2016;4;11;363.4
2016;4;12;371.7
2016;4;13;370.9
2016;4;14;373.9
2016;4;15;388.9
2016;4;16;361.0
2016;4;17;329.6
2016;4;18;375.4
2016;4;19;378.6
2016;4;20;373.1
2016;4;21;366.9
2016;4;22;365.6
2016;4;23;340.6
2016;4;24;320.8
2016;4;25;381.1
2016;4;26;401.4
2016;4;27;417.9
2016;4;28;419.4
2016;4;29;410.5
2016;4;30;381.1
2016;5;1;335.9
2016;5;2;384.3
2016;5;3;392.3
2016;5;4;392.8
2016;5;5;390.3
2016;5;6;395.7
2016;5;7;364.8
2016;5;8;333.0
2016;5;9;373.4
2016;5;10;384.3
2016;5;11;393.1
2016;5;12;401.7
2016;5;13;406.3
2016;5;14;378.8
2016;5;15;352.0
2016;5;16;410.4
2016;5;17;425.0
2016;5;18;429.7
2016;5;19;429.4
2016;5;20;418.8
2016;5;21;390.8
2016;5;22;361.4
2016;5;23;418.7
2016;5;24;420.5
2016;5;25;368.0
2016;5;26;412.3
2016;5;27;425.1
2016;5;28;389.7
2016;5;29;361.3
2016;5;30;413.3
2016;5;31;428.0
2016;6;1;431.2
2016;6;2;442.3
2016;6;3;434.8
2016;6;4;405.3
2016;6;5;379.4
2016;6;6;435.3
2016;6;7;440.4
2016;6;8;445.3
2016;6;9;447.4
2016;6;10;453.0
2016;6;11;422.8
2016;6;12;389.8
2016;6;13;442.7
2016;6;14;438.4
2016;6;15;426.5
2016;6;16;419.7
2016;6;17;380.7
2016;6;18;374.7
2016;6;19;360.9
2016;6;20;380.9
2016;6;21;437.4
2016;6;22;442.6
2016;6;23;432.7
2016;6;24;429.4
2016;6;25;410.0
2016;6;26;396.1
2016;6;27;440.8
2016;6;28;450.2
2016;6;29;430.5
2016;6;30;420.1
2016;7;1;411.2
2016;7;2;393.2
2016;7;3;371.6
2016;7;4;425.5
2016;7;5;438.6
2016;7;6;427.0
2016;7;7;416.5
2016;7;8;377.5
2016;7;9;357.7
2016;7;10;349.5
2016;7;11;407.3
2016;7;12;413.1
2016;7;13;424.1
2016;7;14;424.2
2016;7;15;429.2
2016;7;16;415.1
2016;7;17;392.4
2016;7;18;444.2
2016;7;19;442.6
2016;7;20;442.0
2016;7;21;436.7
2016;7;22;426.1
2016;7;23;384.0
2016;7;24;369.8
2016;7;25;434.3
2016;7;26;441.5
2016;7;27;445.6
2016;7;28;440.9
2016;7;29;427.8
2016;7;30;380.4
2016;7;31;352.1
2016;8;1;413.6
2016;8;2;423.4
2016;8;3;421.3
2016;8;4;405.1
2016;8;5;400.9
2016;8;6;363.6
2016;8;7;333.3
2016;8;8;386.4
2016;8;9;392.4
2016;8;10;392.0
2016;8;11;389.1
2016;8;12;378.3
2016;8;13;341.3
2016;8;14;312.9
2016;8;15;316.5
2016;8;16;369.9
2016;8;17;378.6
2016;8;18;379.1
2016;8;19;386.3
2016;8;20;369.1
2016;8;21;349.2
2016;8;22;385.8
2016;8;23;375.2
2016;8;24;368.8
2016;8;25;362.7
2016;8;26;359.0
2016;8;27;355.6
2016;8;28;348.6
2016;8;29;396.0
2016;8;30;394.9
2016;8;31;381.8
2016;9;1;403.5
2016;9;2;410.9
2016;9;3;388.8
2016;9;4;371.6
2016;9;5;434.1
2016;9;6;443.2
2016;9;7;417.7
2016;9;8;386.3
2016;9;9;369.0
2016;9;10;331.8
2016;9;11;304.7
2016;9;12;366.8
2016;9;13;384.5
2016;9;14;384.5
2016;9;15;376.9
2016;9;16;371.3
2016;9;17;334.9
2016;9;18;311.2
2016;9;19;373.6
2016;9;20;373.5
2016;9;21;364.4
2016;9;22;363.4
2016;9;23;367.2
2016;9;24;344.6
2016;9;25;314.5
2016;9;26;352.8
2016;9;27;360.1
2016;9;28;364.5
2016;9;29;373.4
2016;9;30;377.4
2016;10;1;335.5
2016;10;2;316.3
2016;10;3;358.8
2016;10;4;357.6
2016;10;5;355.7
2016;10;6;355.6
2016;10;7;358.5
2016;10;8;332.1
2016;10;9;298.5
2016;10;10;302.2
2016;10;11;349.6
2016;10;12;360.3
2016;10;13;359.5
2016;10;14;361.7
2016;10;15;338.3
2016;10;16;313.9
2016;10;17;358.5
2016;10;18;362.3
2016;10;19;372.3
2016;10;20;372.5
2016;10;21;359.3
2016;10;22;326.5
2016;10;23;304.1
2016;10;24;355.6
2016;10;25;360.6
2016;10;26;362.1
2016;10;27;363.9
2016;10;28;362.0
2016;10;29;328.5
2016;10;30;303.4
2016;10;31;361.9
2016;11;1;371.2
2016;11;2;359.0
2016;11;3;358.7
2016;11;4;366.2
2016;11;5;353.4
2016;11;6;350.8
2016;11;7;386.9
2016;11;8;376.2
2016;11;9;387.2
2016;11;10;392.5
2016;11;11;370.6
2016;11;12;344.0
2016;11;13;320.0
2016;11;14;380.2
2016;11;15;399.7
2016;11;16;372.8
2016;11;17;353.5
2016;11;18;351.9
2016;11;19;331.1
2016;11;20;308.9
2016;11;21;344.1
2016;11;22;353.1
2016;11;23;366.8
2016;11;24;387.1
2016;11;25;413.2
2016;11;26;375.5
2016;11;27;324.5
2016;11;28;322.1
2016;11;29;382.5
2016;11;30;399.0
2016;12;1;416.1
2016;12;2;427.9
2016;12;3;402.2
2016;12;4;384.5
2016;12;5;430.8
2016;12;6;402.3
2016;12;7;421.0
2016;12;8;341.9
2016;12;9;328.0
2016;12;10;352.6
2016;12;11;353.5
2016;12;12;444.3
2016;12;13;399.7
2016;12;14;378.5
2016;12;15;395.1
2016;12;16;422.2
2016;12;17;430.0
2016;12;18;378.9
2016;12;19;403.5
2016;12;20;447.2
2016;12;21;477.0
2016;12;22;454.0
2016;12;23;428.4
2016;12;24;395.0
2016;12;25;349.1
2016;12;26;393.1
2016;12;27;390.7
2016;12;28;418.3
2016;12;29;456.3
2016;12;30;480.8
2016;12;31;462.0
2017;1;1;402.8
2017;1;2;441.2
2017;1;3;458.5
2017;1;4;433.2
2017;1;5;401.5
2017;1;6;406.0
2017;1;7;423.6
2017;1;8;376.2
2017;1;9;430.0
2017;1;10;389.6
2017;1;11;417.9
2017;1;12;467.7
2017;1;13;471.0
2017;1;14;397.4
2017;1;15;352.2
2017;1;16;407.4
2017;1;17;449.4
2017;1;18;461.9
2017;1;19;491.3
2017;1;20;497.6
2017;1;21;470.3
2017;1;22;430.9
2017;1;23;474.5
2017;1;24;473.5
2017;1;25;416.2
2017;1;26;388.8
2017;1;27;396.0
2017;1;28;386.7
2017;1;29;389.3
2017;1;30;493.6
2017;1;31;490.2
2017;2;1;443.4
2017;2;2;436.0
2017;2;3;445.5
2017;2;4;391.5
2017;2;5;308.3
2017;2;6;350.4
2017;2;7;373.6
2017;2;8;398.5
2017;2;9;413.9
2017;2;10;408.6
2017;2;11;364.7
2017;2;12;333.5
2017;2;13;380.4
2017;2;14;401.6
2017;2;15;435.9
2017;2;16;455.1
2017;2;17;461.6
2017;2;18;398.5
2017;2;19;376.6
2017;2;20;480.8
2017;2;21;506.3
2017;2;22;489.0
2017;2;23;521.4
2017;2;24;526.3
2017;2;25;475.5
2017;2;26;437.6
2017;2;27;430.7
2017;2;28;433.6
2017;3;1;494.6
2017;3;2;511.8
2017;3;3;420.3
2017;3;4;358.0
2017;3;5;333.0
2017;3;6;410.0
2017;3;7;418.3
2017;3;8;439.8
2017;3;9;426.0
2017;3;10;385.9
2017;3;11;347.8
2017;3;12;311.4
2017;3;13;362.8
2017;3;14;386.7
2017;3;15;389.3
2017;3;16;364.9
2017;3;17;362.5
2017;3;18;333.6
2017;3;19;309.0
2017;3;20;367.3
2017;3;21;383.6
2017;3;22;389.4
2017;3;23;395.9
2017;3;24;359.5
2017;3;25;365.7
2017;3;26;338.4
2017;3;27;408.6
2017;3;28;416.7
2017;3;29;409.6
2017;3;30;401.6
2017;3;31;398.4
2017;4;1;360.8
2017;4;2;318.3
2017;4;3;362.5
2017;4;4;378.0
2017;4;5;376.2
2017;4;6;343.3
2017;4;7;370.0
2017;4;8;345.4
2017;4;9;315.2
2017;4;10;357.9
2017;4;11;360.8
2017;4;12;363.0
2017;4;13;356.2
2017;4;14;311.1
2017;4;15;321.2
2017;4;16;302.5
2017;4;17;359.0
2017;4;18;368.6
2017;4;19;371.3
2017;4;20;367.7
2017;4;21;366.3
2017;4;22;335.4
2017;4;23;307.1
2017;4;24;361.5
2017;4;25;377.9
2017;4;26;384.7
2017;4;27;383.3
2017;4;28;373.2
2017;4;29;333.2
2017;4;30;303.5
2017;5;1;293.0
2017;5;2;352.7
2017;5;3;367.2
2017;5;4;368.3
2017;5;5;371.5
2017;5;6;339.2
2017;5;7;312.3
2017;5;8;363.5
2017;5;9;374.3
2017;5;10;381.3
2017;5;11;395.6
2017;5;12;397.8
2017;5;13;354.7
2017;5;14;324.0
2017;5;15;374.6
2017;5;16;384.5
2017;5;17;388.6
2017;5;18;392.2
2017;5;19;394.1
2017;5;20;378.7
2017;5;21;344.5
2017;5;22;384.2
2017;5;23;388.7
2017;5;24;390.6
2017;5;25;355.2
2017;5;26;391.7
2017;5;27;376.9
2017;5;28;358.9
2017;5;29;417.6
2017;5;30;428.6
2017;5;31;433.2
2017;6;1;428.6
2017;6;2;424.9
2017;6;3;391.9
2017;6;4;363.2
2017;6;5;433.6
2017;6;6;441.2
2017;6;7;446.9
2017;6;8;452.4
2017;6;9;448.2
2017;6;10;393.8
2017;6;11;362.4
2017;6;12;432.0
2017;6;13;429.1
2017;6;14;417.7
2017;6;15;414.3
2017;6;16;392.4
2017;6;17;337.9
2017;6;18;359.9
2017;6;19;439.2
2017;6;20;418.2
2017;6;21;454.7
2017;6;22;428.4
2017;6;23;398.3
2017;6;24;357.3
2017;6;25;323.0
2017;6;26;373.6
2017;6;27;390.5
2017;6;28;414.0
2017;6;29;426.6
2017;6;30;427.7
2017;7;1;384.8
2017;7;2;352.2
2017;7;3;400.9
2017;7;4;403.9
2017;7;5;410.5
2017;7;6;433.8
2017;7;7;438.4
2017;7;8;396.6
2017;7;9;371.9
2017;7;10;438.6
2017;7;11;447.2
2017;7;12;433.9
2017;7;13;399.9
2017;7;14;407.3
2017;7;15;389.3
2017;7;16;395.6
2017;7;17;467.0
2017;7;18;471.9
2017;7;19;459.5
2017;7;20;440.6
2017;7;21;427.1
2017;7;22;385.4
2017;7;23;351.0
2017;7;24;412.1
2017;7;25;424.0
2017;7;26;413.4
2017;7;27;391.5
2017;7;28;377.7
2017;7;29;346.0
2017;7;30;354.9
2017;7;31;430.6
2017;8;1;436.2
2017;8;2;424.3
2017;8;3;416.4
2017;8;4;408.2
2017;8;5;367.8
2017;8;6;328.3
2017;8;7;376.2
2017;8;8;401.0
2017;8;9;406.3
2017;8;10;408.0
2017;8;11;409.0
2017;8;12;372.8
2017;8;13;343.2
2017;8;14;392.9
2017;8;15;391.3
2017;8;16;393.8
2017;8;17;392.7
2017;8;18;380.9
2017;8;19;355.1
2017;8;20;334.9
2017;8;21;345.3
2017;8;22;393.0
2017;8;23;393.0
2017;8;24;389.3
2017;8;25;393.1
2017;8;26;363.3
2017;8;27;335.3
2017;8;28;380.7
2017;8;29;394.3
2017;8;30;401.6
2017;8;31;396.9
2017;9;1;384.5
2017;9;2;348.4
2017;9;3;331.5
2017;9;4;390.0
2017;9;5;395.6
2017;9;6;393.4
2017;9;7;377.5
2017;9;8;387.3
2017;9;9;362.3
2017;9;10;337.5
2017;9;11;388.0
2017;9;12;389.4
2017;9;13;384.3
2017;9;14;376.1
2017;9;15;382.6
2017;9;16;351.1
2017;9;17;318.1
2017;9;18;361.6
2017;9;19;368.8
2017;9;20;378.3
2017;9;21;394.2
2017;9;22;385.3
2017;9;23;346.1
2017;9;24;312.7
2017;9;25;362.4
2017;9;26;394.5
2017;9;27;401.4
2017;9;28;397.3
2017;9;29;385.7
2017;9;30;346.0
2017;10;1;317.4
2017;10;2;369.4
2017;10;3;376.7
2017;10;4;372.2
2017;10;5;370.8
2017;10;6;370.5
2017;10;7;339.0
2017;10;8;316.9
2017;10;9;361.3
2017;10;10;369.5
2017;10;11;374.7
2017;10;12;390.4
2017;10;13;386.8
2017;10;14;342.6
2017;10;15;301.5
2017;10;16;313.9
2017;10;17;377.2
2017;10;18;393.0
2017;10;19;364.1
2017;10;20;373.0
2017;10;21;338.4
2017;10;22;308.7
2017;10;23;359.5
2017;10;24;371.9
2017;10;25;380.2
2017;10;26;380.5
2017;10;27;368.4
2017;10;28;337.0
2017;10;29;310.6
2017;10;30;357.1
2017;10;31;371.2
2017;11;1;377.2
2017;11;2;382.3
2017;11;3;372.8
2017;11;4;334.9
2017;11;5;309.8
2017;11;6;371.5
2017;11;7;376.8
2017;11;8;380.6
2017;11;9;378.6
2017;11;10;380.3
2017;11;11;348.6
2017;11;12;331.7
2017;11;13;410.2
2017;11;14;438.1
2017;11;15;438.2
2017;11;16;383.3
2017;11;17;384.3
2017;11;18;337.6
2017;11;19;311.3
2017;11;20;325.0
2017;11;21;362.8
2017;11;22;376.8
2017;11;23;395.6
2017;11;24;382.8
2017;11;25;344.1
2017;11;26;330.3
2017;11;27;383.9
2017;11;28;392.1
2017;11;29;412.8
2017;11;30;421.1
2017;12;1;413.5
2017;12;2;371.0
2017;12;3;327.5
2017;12;4;375.7
2017;12;5;395.5
2017;12;6;423.9
2017;12;7;441.2
2017;12;8;404.3
2017;12;9;414.0
2017;12;10;378.9
2017;12;11;408.4
2017;12;12;432.9
2017;12;13;451.9
2017;12;14;452.1
2017;12;15;488.3
2017;12;16;462.2
2017;12;17;341.2
2017;12;18;368.5
2017;12;19;384.7
2017;12;20;431.5
2017;12;21;460.1
2017;12;22;482.4
2017;12;23;374.1
2017;12;24;330.5
2017;12;25;336.2
2017;12;26;458.9
2017;12;27;478.3
2017;12;28;488.2
2017;12;29;502.9
2017;12;30;478.4
2017;12;31;370.1
2018;1;1;314.3
2018;1;2;396.4
2018;1;3;432.4
2018;1;4;481.0
2018;1;5;435.9
2018;1;6;360.1
2018;1;7;354.3
2018;1;8;443.4
2018;1;9;468.9
2018;1;10;499.2
2018;1;11;521.6
2018;1;12;508.7
2018;1;13;405.7
2018;1;14;323.4
2018;1;15;382.4
2018;1;16;419.8
2018;1;17;425.7
2018;1;18;429.4
2018;1;19;453.5
2018;1;20;420.3
2018;1;21;405.4
2018;1;22;473.9
2018;1;23;483.2
2018;1;24;417.4
2018;1;25;392.0
2018;1;26;413.4
2018;1;27;404.7
2018;1;28;375.7
2018;1;29;432.5
2018;1;30;460.5
2018;1;31;474.7
2018;2;1;495.2
2018;2;2;503.3
2018;2;3;444.0
2018;2;4;428.4
2018;2;5;514.8
2018;2;6;536.5
2018;2;7;534.7
2018;2;8;543.0
2018;2;9;483.3
2018;2;10;398.5
2018;2;11;331.2
2018;2;12;312.6
2018;2;13;330.6
2018;2;14;401.1
2018;2;15;445.2
2018;2;16;477.3
2018;2;17;448.4
2018;2;18;435.0
2018;2;19;468.0
2018;2;20;444.7
2018;2;21;412.8
2018;2;22;415.0
2018;2;23;421.8
2018;2;24;379.2
2018;2;25;354.2
2018;2;26;418.7
2018;2;27;435.5
2018;2;28;432.8
2018;3;1;446.8
2018;3;2;471.9
2018;3;3;448.2
2018;3;4;424.0
2018;3;5;438.2
2018;3;6;398.5
2018;3;7;400.2
2018;3;8;415.3
2018;3;9;441.6
2018;3;10;424.6
2018;3;11;350.2
2018;3;12;382.4
2018;3;13;398.4
2018;3;14;417.6
2018;3;15;384.3
2018;3;16;382.3
2018;3;17;382.5
2018;3;18;349.4
2018;3;19;365.8
2018;3;20;369.5
2018;3;21;368.8
2018;3;22;377.1
2018;3;23;400.7
2018;3;24;345.9
2018;3;25;307.5
2018;3;26;357.1
2018;3;27;368.1
2018;3;28;378.6
2018;3;29;382.9
2018;3;30;356.9
2018;3;31;368.2
2018;4;1;325.5
2018;4;2;322.1
2018;4;3;375.9
2018;4;4;393.8
2018;4;5;404.1
2018;4;6;388.7
2018;4;7;352.1
2018;4;8;328.0
2018;4;9;389.0
2018;4;10;413.5
2018;4;11;441.8
2018;4;12;388.6
2018;4;13;367.3
2018;4;14;338.3
2018;4;15;315.1
2018;4;16;369.3
2018;4;17;387.7
2018;4;18;403.6
2018;4;19;414.6
2018;4;20;407.1
2018;4;21;375.4
2018;4;22;349.7
2018;4;23;382.7
2018;4;24;378.2
2018;4;25;391.5
2018;4;26;399.3
2018;4;27;411.1
2018;4;28;369.5
2018;4;29;336.3
2018;4;30;357.0
2018;5;1;313.5
2018;5;2;373.8
2018;5;3;375.4
2018;5;4;379.1
2018;5;5;346.8
2018;5;6;318.8
2018;5;7;369.9
2018;5;8;379.3
2018;5;9;379.2
2018;5;10;378.4
2018;5;11;369.0
2018;5;12;339.8
2018;5;13;315.3
2018;5;14;362.4
2018;5;15;371.9
2018;5;16;384.6
2018;5;17;395.5
2018;5;18;393.5
2018;5;19;374.0
2018;5;20;348.4
2018;5;21;397.5
2018;5;22;411.9
2018;5;23;410.0
2018;5;24;399.1
2018;5;25;355.3
2018;5;26;353.7
2018;5;27;326.0
2018;5;28;374.2
2018;5;29;379.3
2018;5;30;387.2
2018;5;31;422.3
2018;6;1;431.2
2018;6;2;410.4
2018;6;3;391.8
2018;6;4;448.3
2018;6;5;456.0
2018;6;6;446.4
2018;6;7;451.8
2018;6;8;445.2
2018;6;9;395.8
2018;6;10;356.3
2018;6;11;416.8
2018;6;12;445.4
2018;6;13;466.6
2018;6;14;476.2
2018;6;15;476.6
2018;6;16;438.2
2018;6;17;393.8
2018;6;18;443.0
2018;6;19;432.5
2018;6;20;375.2
2018;6;21;401.5
2018;6;22;425.2
2018;6;23;396.9
2018;6;24;399.3
2018;6;25;430.8
2018;6;26;444.1
2018;6;27;435.9
2018;6;28;422.0
2018;6;29;404.4
2018;6;30;378.8
2018;7;1;351.7
2018;7;2;423.1
2018;7;3;469.2
2018;7;4;478.3
2018;7;5;473.4
2018;7;6;470.6
2018;7;7;430.5
2018;7;8;391.6
2018;7;9;401.6
2018;7;10;461.2
2018;7;11;459.8
2018;7;12;444.2
2018;7;13;429.7
2018;7;14;373.8
2018;7;15;347.4
2018;7;16;424.8
2018;7;17;445.3
2018;7;18;439.7
2018;7;19;441.6
2018;7;20;460.1
2018;7;21;423.9
2018;7;22;399.2
2018;7;23;457.9
2018;7;24;475.5
2018;7;25;479.3
2018;7;26;466.7
2018;7;27;453.8
2018;7;28;412.4
2018;7;29;388.0
2018;7;30;436.4
2018;7;31;456.8
2018;8;1;457.8
2018;8;2;457.2
2018;8;3;454.4
2018;8;4;403.6
2018;8;5;364.9
2018;8;6;400.3
2018;8;7;399.0
2018;8;8;424.3
2018;8;9;449.9
2018;8;10;443.7
2018;8;11;393.0
2018;8;12;345.8
2018;8;13;391.9
2018;8;14;403.8
2018;8;15;411.5
2018;8;16;404.0
2018;8;17;383.4
2018;8;18;351.6
2018;8;19;359.6
2018;8;20;390.7
2018;8;21;438.7
2018;8;22;436.7
2018;8;23;425.0
2018;8;24;425.5
2018;8;25;397.7
2018;8;26;353.5
2018;8;27;380.1
2018;8;28;372.9
2018;8;29;367.0
2018;8;30;394.2
2018;8;31;432.5
2018;9;1;397.9
2018;9;2;350.7
2018;9;3;385.8
2018;9;4;378.2
2018;9;5;365.5
2018;9;6;357.5
2018;9;7;342.1
2018;9;8;325.8
2018;9;9;310.6
2018;9;10;360.3
2018;9;11;363.0
2018;9;12;365.9
2018;9;13;360.4
2018;9;14;357.8
2018;9;15;328.3
2018;9;16;302.8
2018;9;17;346.9
2018;9;18;353.8
2018;9;19;354.5
2018;9;20;357.5
2018;9;21;362.1
2018;9;22;348.3
2018;9;23;321.9
2018;9;24;344.7
2018;9;25;322.3
2018;9;26;353.1
2018;9;27;359.3
2018;9;28;371.9
2018;9;29;348.8
2018;9;30;314.5
2018;10;1;361.5
2018;10;2;362.1
2018;10;3;355.0
2018;10;4;352.6
2018;10;5;349.8
2018;10;6;320.3
2018;10;7;296.9
2018;10;8;360.9
2018;10;9;357.7
2018;10;10;349.6
2018;10;11;356.9
2018;10;12;357.1
2018;10;13;320.2
2018;10;14;287.6
2018;10;15;293.3
2018;10;16;349.5
2018;10;17;377.2
2018;10;18;376.7
2018;10;19;359.3
2018;10;20;324.8
2018;10;21;298.8
2018;10;22;348.2
2018;10;23;347.7
2018;10;24;360.6
2018;10;25;360.6
2018;10;26;349.1
2018;10;27;314.9
2018;10;28;289.2
2018;10;29;348.1
2018;10;30;365.5
2018;10;31;353.7
2018;11;1;349.0
2018;11;2;358.8
2018;11;3;334.9
2018;11;4;311.5
2018;11;5;370.1
2018;11;6;364.6
2018;11;7;355.3
2018;11;8;375.1
2018;11;9;416.3
2018;11;10;377.9
2018;11;11;337.0
2018;11;12;379.7
2018;11;13;370.5
2018;11;14;355.6
2018;11;15;373.3
2018;11;16;365.1
2018;11;17;346.9
2018;11;18;298.1
2018;11;19;304.9
2018;11;20;376.3
2018;11;21;428.8
2018;11;22;406.8
2018;11;23;356.6
2018;11;24;326.7
2018;11;25;305.9
2018;11;26;361.9
2018;11;27;359.7
2018;11;28;362.1
2018;11;29;364.6
2018;11;30;363.4
2018;12;1;318.1
2018;12;2;285.8
2018;12;3;341.8
2018;12;4;363.8
2018;12;5;373.5
2018;12;6;349.9
2018;12;7;347.1
2018;12;8;314.4
2018;12;9;316.7
2018;12;10;405.3
2018;12;11;423.9
2018;12;12;407.2
2018;12;13;406.3
2018;12;14;385.6
2018;12;15;341.9
2018;12;16;344.6
2018;12;17;400.6
2018;12;18;365.3
2018;12;19;377.6
2018;12;20;393.0
2018;12;21;377.3
2018;12;22;360.2
2018;12;23;361.3
2018;12;24;387.1
2018;12;25;362.8
2018;12;26;464.8
2018;12;27;465.9
2018;12;28;453.2
2018;12;29;428.6
2018;12;30;347.2
2018;12;31;344.9
2019;1;1;369.0
2019;1;2;452.5
2019;1;3;374.3
2019;1;4;376.7
2019;1;5;380.6
2019;1;6;350.4
2019;1;7;377.9
2019;1;8;416.8
2019;1;9;422.7
2019;1;10;352.8
2019;1;11;340.8
2019;1;12;345.4
2019;1;13;329.1
2019;1;14;381.2
2019;1;15;384.6
2019;1;16;402.5
2019;1;17;378.8
2019;1;18;346.7
2019;1;19;323.3
2019;1;20;313.6
2019;1;21;400.7
2019;1;22;465.8
2019;1;23;470.5
2019;1;24;472.8
2019;1;25;456.5
2019;1;26;415.1
2019;1;27;416.7
2019;1;28;518.8
2019;1;29;544.4
2019;1;30;480.0
2019;1;31;456.9
2019;2;1;473.0
2019;2;2;378.5
2019;2;3;311.6
2019;2;4;366.1
2019;2;5;389.8
2019;2;6;417.0
2019;2;7;448.4
2019;2;8;473.0
2019;2;9;436.7
2019;2;10;420.2
2019;2;11;405.5
2019;2;12;344.6
2019;2;13;349.1
2019;2;14;360.8
2019;2;15;380.1
2019;2;16;369.0
2019;2;17;371.8
2019;2;18;465.8
2019;2;19;501.9
2019;2;20;530.8
2019;2;21;530.7
2019;2;22;517.2
2019;2;23;424.8
2019;2;24;348.0
2019;2;25;353.2
2019;2;26;345.6
2019;2;27;352.3
2019;2;28;367.0
2019;3;1;389.6
2019;3;2;360.6
2019;3;3;340.7
2019;3;4;326.7
2019;3;5;326.0
2019;3;6;406.3
2019;3;7;444.5
2019;3;8;363.4
2019;3;9;311.4
2019;3;10;290.3
2019;3;11;341.9
2019;3;12;357.6
2019;3;13;356.5
2019;3;14;365.0
2019;3;15;367.7
2019;3;16;338.9
2019;3;17;315.8
2019;3;18;371.2
2019;3;19;357.6
2019;3;20;345.7
2019;3;21;345.0
2019;3;22;345.3
2019;3;23;320.8
2019;3;24;295.1
2019;3;25;340.4
2019;3;26;341.7
2019;3;27;347.2
2019;3;28;351.5
2019;3;29;363.5
2019;3;30;350.5
2019;3;31;327.3
2019;4;1;367.3
2019;4;2;352.7
2019;4;3;374.0
2019;4;4;371.8
2019;4;5;347.0
2019;4;6;318.0
2019;4;7;296.3
2019;4;8;343.9
2019;4;9;358.8
2019;4;10;365.0
2019;4;11;370.3
2019;4;12;352.0
2019;4;13;322.4
2019;4;14;307.4
2019;4;15;354.6
2019;4;16;352.1
2019;4;17;353.1
2019;4;18;346.5
2019;4;19;317.4
2019;4;20;317.2
2019;4;21;299.6
2019;4;22;341.6
2019;4;23;351.4
2019;4;24;359.7
2019;4;25;359.9
2019;4;26;358.6
2019;4;27;326.5
2019;4;28;296.4
2019;4;29;343.7
2019;4;30;345.0
2019;5;1;295.6
2019;5;2;343.4
2019;5;3;353.4
2019;5;4;328.6
2019;5;5;307.4
2019;5;6;350.1
2019;5;7;363.8
2019;5;8;361.6
2019;5;9;364.4
2019;5;10;364.2
2019;5;11;334.5
2019;5;12;308.4
2019;5;13;351.6
2019;5;14;369.7
2019;5;15;370.6
2019;5;16;368.4
2019;5;17;359.0
2019;5;18;325.0
2019;5;19;311.2
2019;5;20;377.7
2019;5;21;391.7
2019;5;22;397.3
2019;5;23;401.2
2019;5;24;393.6
2019;5;25;345.3
2019;5;26;328.8
2019;5;27;380.6
2019;5;28;388.9
2019;5;29;383.6
2019;5;30;415.5
2019;5;31;406.2
2019;6;1;364.1
2019;6;2;335.2
2019;6;3;382.6
2019;6;4;388.4
2019;6;5;388.7
2019;6;6;381.5
2019;6;7;381.8
2019;6;8;362.8
2019;6;9;335.5
2019;6;10;377.3
2019;6;11;393.5
2019;6;12;383.1
2019;6;13;388.9
2019;6;14;392.7
2019;6;15;382.7
2019;6;16;247.5
2019;6;17;353.0
2019;6;18;408.8
2019;6;19;411.0
2019;6;20;378.7
2019;6;21;398.4
2019;6;22;352.2
2019;6;23;324.1
2019;6;24;385.6
2019;6;25;417.6
2019;6;26;448.3
2019;6;27;442.9
2019;6;28;428.6
2019;6;29;386.5
2019;6;30;373.9
2019;7;1;438.4
2019;7;2;446.9
2019;7;3;454.8
2019;7;4;470.9
2019;7;5;477.1
2019;7;6;440.4
2019;7;7;405.2
2019;7;8;419.5
2019;7;9;379.1
2019;7;10;408.9
2019;7;11;404.8
2019;7;12;400.3
2019;7;13;385.7
2019;7;14;365.5
2019;7;15;416.4
2019;7;16;424.6
2019;7;17;417.5
2019;7;18;412.1
2019;7;19;401.0
2019;7;20;358.9
2019;7;21;313.4
2019;7;22;393.2
2019;7;23;435.9
2019;7;24;445.0
2019;7;25;458.9
2019;7;26;445.1
2019;7;27;390.2
2019;7;28;369.3
2019;7;29;413.3
2019;7;30;415.3
2019;7;31;398.8
2019;8;1;401.5
2019;8;2;418.6
2019;8;3;387.6
2019;8;4;357.6
2019;8;5;400.3
2019;8;6;390.9
2019;8;7;395.8
2019;8;8;427.7
2019;8;9;449.2
2019;8;10;400.1
2019;8;11;354.3
2019;8;12;420.5
2019;8;13;452.0
2019;8;14;460.9
2019;8;15;441.8
2019;8;16;399.7
2019;8;17;350.6
2019;8;18;355.9
2019;8;19;424.7
2019;8;20;448.1
2019;8;21;439.4
2019;8;22;426.1
2019;8;23;410.5
2019;8;24;368.4
2019;8;25;330.0
2019;8;26;364.1
2019;8;27;361.8
2019;8;28;360.1
2019;8;29;359.6
2019;8;30;369.0
2019;8;31;343.7
2019;9;1;332.2
2019;9;2;403.4
2019;9;3;425.7
2019;9;4;432.5
2019;9;5;438.1
2019;9;6;417.0
2019;9;7;356.8
2019;9;8;328.1
2019;9;9;395.1
2019;9;10;400.1
2019;9;11;399.3
2019;9;12;390.7
2019;9;13;375.2
2019;9;14;335.7
2019;9;15;304.8
2019;9;16;359.2
2019;9;17;363.6
2019;9;18;356.0
2019;9;19;363.3
2019;9;20;366.1
2019;9;21;330.3
2019;9;22;303.5
2019;9;23;348.3
2019;9;24;352.6
2019;9;25;348.8
2019;9;26;348.4
2019;9;27;349.0
2019;9;28;323.5
2019;9;29;307.0
2019;9;30;360.1
2019;10;1;372.4
2019;10;2;362.5
2019;10;3;378.0
2019;10;4;384.5
2019;10;5;335.3
2019;10;6;296.6
2019;10;7;341.0
2019;10;8;353.8
2019;10;9;362.0
2019;10;10;381.7
2019;10;11;393.7
2019;10;12;357.9
2019;10;13;322.7
2019;10;14;354.6
2019;10;15;395.2
2019;10;16;390.4
2019;10;17;381.6
2019;10;18;358.4
2019;10;19;321.6
2019;10;20;296.4
2019;10;21;349.1
2019;10;22;354.5
2019;10;23;356.2
2019;10;24;359.0
2019;10;25;366.0
2019;10;26;346.6
2019;10;27;329.5
2019;10;28;385.1
2019;10;29;385.2
2019;10;30;373.6
2019;10;31;358.3
2019;11;1;371.1
2019;11;2;348.4
2019;11;3;305.5
2019;11;4;364.9
2019;11;5;365.8
2019;11;6;369.9
2019;11;7;382.6
2019;11;8;380.2
2019;11;9;345.0
2019;11;10;315.8
2019;11;11;375.4
2019;11;12;397.4
2019;11;13;406.6
2019;11;14;410.8
2019;11;15;417.0
2019;11;16;365.1
2019;11;17;346.0
2019;11;18;370.8
2019;11;19;433.6
2019;11;20;474.6
2019;11;21;473.1
2019;11;22;407.8
2019;11;23;340.1
2019;11;24;313.1
2019;11;25;368.9
2019;11;26;358.7
2019;11;27;356.9
2019;11;28;381.2
2019;11;29;398.6
2019;11;30;348.6
2019;12;1;301.9
2019;12;2;355.2
2019;12;3;355.3
2019;12;4;350.2
2019;12;5;347.7
2019;12;6;370.2
2019;12;7;344.7
2019;12;8;331.6
2019;12;9;433.4
2019;12;10;485.3
2019;12;11;502.7
2019;12;12;406.4
2019;12;13;382.1
2019;12;14;377.3
2019;12;15;325.4
2019;12;16;376.3
2019;12;17;405.2
2019;12;18;437.6
2019;12;19;462.7
2019;12;20;411.8
2019;12;21;330.6
2019;12;22;311.6
2019;12;23;374.9
2019;12;24;383.6
2019;12;25;310.4
2019;12;26;364.0
2019;12;27;438.5
2019;12;28;431.9
2019;12;29;411.1
2019;12;30;423.8
2019;12;31;384.8
2020;1;1;327.0
2020;1;2;380.8
2020;1;3;399.9
2020;1;4;382.3
2020;1;5;371.9
2020;1;6;377.1
2020;1;7;388.0
2020;1;8;434.3
2020;1;9;453.0
2020;1;10;444.0
2020;1;11;412.5
2020;1;12;391.2
2020;1;13;430.9
2020;1;14;460.3
2020;1;15;432.7
2020;1;16;366.9
2020;1;17;370.3
2020;1;18;370.9
2020;1;19;409.4
2020;1;20;505.7
2020;1;21;458.1
2020;1;22;452.2
2020;1;23;470.4
2020;1;24;480.3
2020;1;25;461.5
2020;1;26;417.9
2020;1;27;406.6
2020;1;28;419.5
2020;1;29;404.4
2020;1;30;373.9
2020;1;31;390.7
2020;2;1;389.2
2020;2;2;402.2
2020;2;3;502.9
2020;2;4;520.2
2020;2;5;487.7
2020;2;6;489.8
2020;2;7;472.2
2020;2;8;384.7
2020;2;9;321.9
2020;2;10;355.0
2020;2;11;375.1
2020;2;12;395.9
2020;2;13;429.3
2020;2;14;430.9
2020;2;15;409.0
2020;2;16;422.3
2020;2;17;450.8
2020;2;18;385.1
2020;2;19;391.8
2020;2;20;371.6
2020;2;21;346.7
2020;2;22;314.7
2020;2;23;298.2
2020;2;24;321.6
2020;2;25;327.5
2020;2;26;365.5
2020;2;27;383.0
2020;2;28;408.3
2020;2;29;395.7
2020;3;1;393.0
2020;3;2;465.2
2020;3;3;476.2
2020;3;4;481.7
2020;3;5;470.5
2020;3;6;459.1
2020;3;7;429.2
2020;3;8;409.6
2020;3;9;453.1
2020;3;10;441.4
2020;3;11;432.8
2020;3;12;428.1
2020;3;13;466.1
2020;3;14;402.3
2020;3;15;318.8
2020;3;16;362.8
2020;3;17;375.6
2020;3;18;365.2
2020;3;19;353.6
2020;3;20;320.8
2020;3;21;316.1
2020;3;22;311.2
2020;3;23;325.6
2020;3;24;350.8
2020;3;25;340.0
2020;3;26;331.9
2020;3;27;332.3
2020;3;28;322.8
2020;3;29;319.1
2020;3;30;340.0
2020;3;31;315.6
2020;4;1;322.0
2020;4;2;298.0
2020;4;3;290.9
2020;4;4;279.6
2020;4;5;270.3
2020;4;6;293.3
2020;4;7;297.2
2020;4;8;302.9
2020;4;9;300.3
2020;4;10;278.0
2020;4;11;277.1
2020;4;12;269.6
2020;4;13;300.5
2020;4;14;314.4
2020;4;15;316.3
2020;4;16;316.4
2020;4;17;313.7
2020;4;18;293.6
2020;4;19;275.8
2020;4;20;309.2
2020;4;21;315.7
2020;4;22;320.7
2020;4;23;323.0
2020;4;24;325.4
2020;4;25;311.7
2020;4;26;289.9
2020;4;27;322.3
2020;4;28;324.6
2020;4;29;324.6
2020;4;30;322.1
2020;5;1;283.1
2020;5;2;289.6
2020;5;3;278.3
2020;5;4;318.4
2020;5;5;337.5
2020;5;6;348.5
2020;5;7;345.0
2020;5;8;344.0
2020;5;9;314.2
2020;5;10;284.4
2020;5;11;316.8
2020;5;12;337.7
2020;5;13;343.9
2020;5;14;358.4
2020;5;15;350.9
2020;5;16;307.6
2020;5;17;277.6
2020;5;18;317.8
2020;5;19;324.0
2020;5;20;327.2
2020;5;21;347.0
2020;5;22;369.1
2020;5;23;349.3
2020;5;24;330.3
2020;5;25;325.8
2020;5;26;360.2
2020;5;27;358.0
2020;5;28;351.5
2020;5;29;350.7
2020;5;30;346.9
2020;5;31;350.2
2020;6;1;397.0
2020;6;2;404.4
2020;6;3;403.5
2020;6;4;400.4
2020;6;5;405.7
2020;6;6;359.0
2020;6;7;329.3
2020;6;8;368.8
2020;6;9;378.3
2020;6;10;375.9
2020;6;11;377.9
2020;6;12;371.6
2020;6;13;374.9
2020;6;14;368.8
2020;6;15;372.1
2020;6;16;367.2
2020;6;17;347.8
2020;6;18;356.3
2020;6;19;377.8
2020;6;20;349.8
2020;6;21;324.8
2020;6;22;385.0
2020;6;23;397.7
2020;6;24;412.2
2020;6;25;420.5
2020;6;26;431.7
2020;6;27;399.7
2020;6;28;379.2
2020;6;29;425.9
2020;6;30;434.9
2020;7;1;453.5
2020;7;2;453.7
2020;7;3;442.5
2020;7;4;398.3
2020;7;5;370.3
2020;7;6;441.2
2020;7;7;466.2
2020;7;8;453.0
2020;7;9;413.3
2020;7;10;412.6
2020;7;11;400.8
2020;7;12;384.2
2020;7;13;442.5
2020;7;14;458.7
2020;7;15;454.0
2020;7;16;440.0
2020;7;17;423.1
2020;7;18;374.9
2020;7;19;327.2
2020;7;20;366.4
2020;7;21;391.1
2020;7;22;402.5
2020;7;23;423.4
2020;7;24;448.9
2020;7;25;421.2
2020;7;26;378.7
2020;7;27;429.4
2020;7;28;451.8
2020;7;29;452.5
2020;7;30;445.7
2020;7;31;426.9
2020;8;1;369.9
2020;8;2;310.7
2020;8;3;347.4
2020;8;4;342.0
2020;8;5;339.9
2020;8;6;356.4
2020;8;7;394.3
2020;8;8;353.4
2020;8;9;323.7
2020;8;10;369.1
2020;8;11;408.7
2020;8;12;419.8
2020;8;13;407.9
2020;8;14;388.7
2020;8;15;367.4
2020;8;16;344.4
2020;8;17;342.3
2020;8;18;375.6
2020;8;19;422.9
2020;8;20;440.1
2020;8;21;425.7
2020;8;22;377.5
2020;8;23;334.7
2020;8;24;354.5
2020;8;25;355.1
2020;8;26;360.5
2020;8;27;365.1
2020;8;28;364.9
2020;8;29;350.4
2020;8;30;343.6
2020;8;31;407.7
2020;9;1;442.3
2020;9;2;447.5
2020;9;3;427.3
2020;9;4;396.4
2020;9;5;355.2
2020;9;6;337.1
2020;9;7;369.5
2020;9;8;364.7
2020;9;9;356.0
2020;9;10;350.4
2020;9;11;352.8
2020;9;12;334.2
2020;9;13;304.7
2020;9;14;351.8
2020;9;15;369.5
2020;9;16;358.5
2020;9;17;346.8
2020;9;18;337.8
2020;9;19;324.4
2020;9;20;306.2
2020;9;21;348.1
2020;9;22;352.6
2020;9;23;344.3
2020;9;24;346.8
2020;9;25;362.5
2020;9;26;344.1
2020;9;27;308.1
2020;9;28;339.6
2020;9;29;341.3
2020;9;30;355.0
2020;10;1;359.9
2020;10;2;364.0
2020;10;3;351.1
2020;10;4;331.1
2020;10;5;356.7
2020;10;6;350.2
2020;10;7;344.0
2020;10;8;346.0
2020;10;9;343.2
2020;10;10;319.8
2020;10;11;298.2
2020;10;12;306.8
2020;10;13;340.3
2020;10;14;342.0
2020;10;15;340.6
2020;10;16;352.5
2020;10;17;346.0
2020;10;18;348.1
2020;10;19;399.8
2020;10;20;366.0
2020;10;21;370.2
2020;10;22;376.3
2020;10;23;365.8
2020;10;24;340.8
2020;10;25;318.8
2020;10;26;334.6
2020;10;27;345.0
2020;10;28;352.9
2020;10;29;345.4
2020;10;30;339.3
2020;10;31;314.5
2020;11;1;291.3
2020;11;2;339.7
2020;11;3;357.2
2020;11;4;357.4
2020;11;5;357.0
2020;11;6;363.1
2020;11;7;344.4
2020;11;8;314.7
2020;11;9;354.6
2020;11;10;362.8
2020;11;11;368.6
2020;11;12;378.8
2020;11;13;390.1
2020;11;14;344.8
2020;11;15;302.9
2020;11;16;356.9
2020;11;17;368.0
2020;11;18;362.9
2020;11;19;363.0
2020;11;20;370.9
2020;11;21;347.6
2020;11;22;335.3
2020;11;23;375.2
2020;11;24;443.5
2020;11;25;423.3
2020;11;26;378.7
2020;11;27;394.7
2020;11;28;383.5
2020;11;29;347.6
2020;11;30;357.3
2020;12;1;388.9
2020;12;2;392.9
2020;12;3;378.6
2020;12;4;355.9
2020;12;5;321.2
2020;12;6;303.4
2020;12;7;332.8
2020;12;8;358.1
2020;12;9;437.0
2020;12;10;476.9
2020;12;11;432.7
2020;12;12;398.2
2020;12;13;331.7
2020;12;14;367.5
2020;12;15;388.2
2020;12;16;394.0
2020;12;17;434.8
2020;12;18;460.8
2020;12;19;375.5
2020;12;20;314.0
2020;12;21;368.3
2020;12;22;406.7
2020;12;23;437.7
2020;12;24;422.8
2020;12;25;365.3
2020;12;26;405.9
2020;12;27;397.4
2020;12;28;459.6
2020;12;29;479.8
2020;12;30;416.4
2020;12;31;343.9
2021;1;1;328.8
2021;1;2;399.5
2021;1;3;379.4
2021;1;4;429.9
2021;1;5;424.8
2021;1;6;384.5
2021;1;7;400.9
2021;1;8;428.3
2021;1;9;381.6
2021;1;10;397.0
2021;1;11;410.2
2021;1;12;370.3
2021;1;13;381.8
2021;1;14;400.5
2021;1;15;403.6
2021;1;16;360.9
2021;1;17;308.5
2021;1;18;378.3
2021;1;19;421.6
2021;1;20;451.0
2021;1;21;462.2
2021;1;22;475.7
2021;1;23;467.3
2021;1;24;457.8
2021;1;25;520.2
2021;1;26;492.0
2021;1;27;473.6
2021;1;28;437.4
2021;1;29;426.5
2021;1;30;359.3
2021;1;31;302.7
2021;2;1;348.1
2021;2;2;354.0
2021;2;3;359.3
2021;2;4;369.7
2021;2;5;383.4
2021;2;6;378.8
2021;2;7;375.1
2021;2;8;388.9
2021;2;9;365.8
2021;2;10;363.9
2021;2;11;376.8
2021;2;12;390.7
2021;2;13;366.2
2021;2;14;347.6
2021;2;15;348.2
2021;2;16;341.0
2021;2;17;383.3
2021;2;18;411.1
2021;2;19;397.4
2021;2;20;349.0
2021;2;21;352.5
2021;2;22;423.3
2021;2;23;422.4
2021;2;24;416.0
2021;2;25;439.2
2021;2;26;453.6
2021;2;27;422.0
2021;2;28;400.0
2021;3;1;455.4
2021;3;2;463.4
2021;3;3;457.0
2021;3;4;445.7
2021;3;5;414.6
2021;3;6;373.8
2021;3;7;361.4
2021;3;8;419.5
2021;3;9;409.7
2021;3;10;428.7
2021;3;11;430.1
2021;3;12;421.9
2021;3;13;378.6
2021;3;14;350.2
2021;3;15;398.3
2021;3;16;387.5
2021;3;17;358.3
2021;3;18;345.7
2021;3;19;348.7
2021;3;20;331.4
2021;3;21;295.4
2021;3;22;344.2
2021;3;23;361.9
2021;3;24;349.7
2021;3;25;378.8
2021;3;26;368.0
2021;3;27;325.7
2021;3;28;298.1
2021;3;29;345.4
2021;3;30;351.0
2021;3;31;352.4
2021;4;1;343.0
2021;4;2;308.3
2021;4;3;316.1
2021;4;4;329.8
2021;4;5;366.4
2021;4;6;380.9
2021;4;7;394.1
2021;4;8;391.1
2021;4;9;379.3
2021;4;10;345.6
2021;4;11;300.0
2021;4;12;338.0
2021;4;13;348.6
2021;4;14;355.4
2021;4;15;363.2
2021;4;16;362.0
2021;4;17;337.1
2021;4;18;311.0
2021;4;19;356.9
2021;4;20;364.6
2021;4;21;365.2
2021;4;22;356.8
2021;4;23;357.5
2021;4;24;323.0
2021;4;25;295.5
2021;4;26;340.3
2021;4;27;350.5
2021;4;28;350.5
2021;4;29;348.3
2021;4;30;347.9
2021;5;1;289.7
2021;5;2;294.0
2021;5;3;352.9
2021;5;4;366.6
2021;5;5;379.7
2021;5;6;388.0
2021;5;7;390.7
2021;5;8;356.6
2021;5;9;332.6
2021;5;10;381.2
2021;5;11;401.9
2021;5;12;405.1
2021;5;13;400.7
2021;5;14;393.6
2021;5;15;364.3
2021;5;16;340.2
2021;5;17;391.9
2021;5;18;402.8
2021;5;19;404.5
2021;5;20;398.2
2021;5;21;406.0
2021;5;22;386.0
2021;5;23;369.4
2021;5;24;375.6
2021;5;25;365.3
2021;5;26;395.2
2021;5;27;383.9
2021;5;28;374.5
2021;5;29;372.5
2021;5;30;360.8
2021;5;31;400.4
2021;6;1;394.0
2021;6;2;395.1
2021;6;3;398.7
2021;6;4;387.5
2021;6;5;362.0
2021;6;6;359.1
2021;6;7;410.0
2021;6;8;401.9
2021;6;9;392.0
2021;6;10;387.3
2021;6;11;411.8
2021;6;12;365.8
2021;6;13;330.5
2021;6;14;397.6
2021;6;15;443.6
2021;6;16;478.9
2021;6;17;484.6
2021;6;18;490.4
2021;6;19;445.9
2021;6;20;404.3
2021;6;21;424.8
2021;6;22;445.7
2021;6;23;446.8
2021;6;24;433.2
2021;6;25;433.2
2021;6;26;428.4
2021;6;27;437.6
2021;6;28;507.6
2021;6;29;512.7
2021;6;30;511.1
2021;7;1;497.4
2021;7;2;470.8
2021;7;3;429.7
2021;7;4;395.6
2021;7;5;440.6
2021;7;6;445.5
2021;7;7;418.5
2021;7;8;399.1
2021;7;9;344.6
2021;7;10;345.3
2021;7;11;356.2
2021;7;12;401.7
2021;7;13;414.4
2021;7;14;441.2
2021;7;15;429.4
2021;7;16;437.8
2021;7;17;422.2
2021;7;18;416.9
2021;7;19;470.4
2021;7;20;462.7
2021;7;21;442.7
2021;7;22;424.7
2021;7;23;396.8
2021;7;24;367.6
2021;7;25;350.5
2021;7;26;419.4
2021;7;27;469.1
2021;7;28;489.9
2021;7;29;483.8
2021;7;30;468.3
2021;7;31;415.2
2021;8;1;384.4
2021;8;2;435.2
2021;8;3;433.1
2021;8;4;429.1
2021;8;5;439.3
2021;8;6;404.6
2021;8;7;350.0
2021;8;8;353.5
2021;8;9;454.5
2021;8;10;470.3
2021;8;11;463.4
2021;8;12;461.6
2021;8;13;453.3
2021;8;14;401.7
2021;8;15;368.0
2021;8;16;365.3
2021;8;17;385.8
2021;8;18;388.3
2021;8;19;397.4
2021;8;20;391.9
2021;8;21;374.6
2021;8;22;339.9
2021;8;23;404.9
2021;8;24;413.9
2021;8;25;413.7
2021;8;26;410.2
2021;8;27;400.9
2021;8;28;365.0
2021;8;29;326.5
2021;8;30;363.4
2021;8;31;364.4
2021;9;1;372.1
2021;9;2;387.5
2021;9;3;380.9
2021;9;4;358.7
2021;9;5;330.0
2021;9;6;380.3
2021;9;7;393.7
2021;9;8;401.6
2021;9;9;407.4
2021;9;10;403.1
2021;9;11;355.3
2021;9;12;320.3
2021;9;13;374.8
2021;9;14;379.0
2021;9;15;380.7
2021;9;16;371.8
2021;9;17;366.1
2021;9;18;335.9
2021;9;19;319.3
2021;9;20;369.7
2021;9;21;373.4
2021;9;22;391.6
2021;9;23;376.4
2021;9;24;365.7
2021;9;25;337.6
2021;9;26;307.2
2021;9;27;366.2
2021;9;28;387.6
2021;9;29;372.7
2021;9;30;385.0
2021;10;1;364.7
2021;10;2;341.3
2021;10;3;316.0
2021;10;4;356.4
2021;10;5;357.7
2021;10;6;363.5
2021;10;7;367.2
2021;10;8;340.6
2021;10;9;321.6
2021;10;10;301.4
2021;10;11;312.2
2021;10;12;356.7
2021;10;13;367.4
2021;10;14;366.7
2021;10;15;354.1
2021;10;16;328.0
2021;10;17;292.7
2021;10;18;345.0
2021;10;19;357.7
2021;10;20;363.0
2021;10;21;366.7
2021;10;22;366.3
2021;10;23;330.7
2021;10;24;299.6
2021;10;25;363.7
2021;10;26;403.0
2021;10;27;434.6
2021;10;28;459.9
2021;10;29;449.5
2021;10;30;420.7
2021;10;31;348.3
2021;11;1;369.5
2021;11;2;371.5
2021;11;3;379.9
2021;11;4;397.3
2021;11;5;358.9
2021;11;6;325.0
2021;11;7;304.2
2021;11;8;372.5
2021;11;9;382.3
2021;11;10;371.5
2021;11;11;378.7
2021;11;12;384.3
2021;11;13;370.3
2021;11;14;323.9
2021;11;15;400.6
2021;11;16;371.3
2021;11;17;353.2
2021;11;18;360.4
2021;11;19;386.2
2021;11;20;376.2
2021;11;21;386.0
2021;11;22;418.0
2021;11;23;402.7
2021;11;24;435.4
2021;11;25;415.3
2021;11;26;416.9
2021;11;27;391.1
2021;11;28;331.3
2021;11;29;373.5
2021;11;30;393.8
2021;12;1;394.6
2021;12;2;406.5
2021;12;3;403.8
2021;12;4;363.9
2021;12;5;336.7
2021;12;6;403.8
2021;12;7;427.5
2021;12;8;387.3
2021;12;9;411.8
2021;12;10;401.2
2021;12;11;392.1
2021;12;12;372.5
2021;12;13;401.1
2021;12;14;405.2
2021;12;15;408.0
2021;12;16;419.7
2021;12;17;430.3
2021;12;18;416.5
2021;12;19;415.8
2021;12;20;487.5
2021;12;21;482.5
2021;12;22;473.6
2021;12;23;477.4
2021;12;24;452.1
2021;12;25;397.6
2021;12;26;427.4
2021;12;27;497.1
2021;12;28;504.9
2021;12;29;535.5
2021;12;30;527.0
2021;12;31;477.9
2022;1;1;387.1
2022;1;2;404.7
2022;1;3;511.1
2022;1;4;482.3
2022;1;5;420.4
2022;1;6;417.2
2022;1;7;436.7
2022;1;8;428.5
2022;1;9;422.0
2022;1;10;521.0
2022;1;11;551.1
2022;1;12;542.5
2022;1;13;553.8
2022;1;14;575.9
2022;1;15;559.0
2022;1;16;478.9
2022;1;17;458.1
2022;1;18;413.4
2022;1;19;413.1
2022;1;20;455.5
2022;1;21;490.2
2022;1;22;441.3
2022;1;23;382.3
2022;1;24;456.5
2022;1;25;493.0
2022;1;26;451.8
2022;1;27;375.8
2022;1;28;377.8
2022;1;29;379.1
2022;1;30;379.1
2022;1;31;420.6
2022;2;1;443.5
2022;2;2;485.7
2022;2;3;452.8
2022;2;4;429.5
2022;2;5;359.9
2022;2;6;311.2
2022;2;7;367.7
2022;2;8;392.7
2022;2;9;417.9
2022;2;10;443.2
2022;2;11;417.2
2022;2;12;336.6
2022;2;13;314.4
2022;2;14;393.8
2022;2;15;450.5
2022;2;16;494.8
2022;2;17;438.7
2022;2;18;428.6
2022;2;19;410.7
2022;2;20;358.7
2022;2;21;389.4
2022;2;22;398.0
2022;2;23;416.1
2022;2;24;409.1
2022;2;25;411.8
2022;2;26;413.1
2022;2;27;393.5
2022;2;28;363.9
2022;3;1;344.8
2022;3;2;408.9
2022;3;3;437.9
2022;3;4;449.4
2022;3;5;409.3
2022;3;6;365.3
2022;3;7;395.4
2022;3;8;390.3
2022;3;9;391.5
2022;3;10;375.6
2022;3;11;367.8
2022;3;12;337.6
2022;3;13;316.8
2022;3;14;374.2
2022;3;15;403.1
2022;3;16;420.1
2022;3;17;435.8
2022;3;18;379.0
2022;3;19;330.0
2022;3;20;306.8
2022;3;21;360.5
2022;3;22;377.8
2022;3;23;385.4
2022;3;24;333.9
2022;3;25;357.6
2022;3;26;337.5
2022;3;27;319.2
2022;3;28;373.9
2022;3;29;392.7
2022;3;30;368.3
2022;3;31;369.1
2022;4;1;366.4
2022;4;2;326.7
2022;4;3;309.9
2022;4;4;356.3
2022;4;5;366.3
2022;4;6;372.6
2022;4;7;373.1
2022;4;8;372.0
2022;4;9;345.5
2022;4;10;324.0
2022;4;11;360.1
2022;4;12;365.7
2022;4;13;363.0
2022;4;14;355.8
2022;4;15;322.0
2022;4;16;320.7
2022;4;17;305.5
2022;4;18;356.9
2022;4;19;368.4
2022;4;20;372.3
2022;4;21;370.7
2022;4;22;377.3
2022;4;23;352.3
2022;4;24;320.8
2022;4;25;374.9
2022;4;26;393.6
2022;4;27;378.5
2022;4;28;389.9
2022;4;29;400.7
2022;4;30;378.1
2022;5;1;329.0
2022;5;2;395.8
2022;5;3;414.3
2022;5;4;407.9
2022;5;5;393.9
2022;5;6;379.8
2022;5;7;347.1
2022;5;8;319.2
2022;5;9;367.5
2022;5;10;379.3
2022;5;11;390.9
2022;5;12;402.4
2022;5;13;401.2
2022;5;14;365.5
2022;5;15;358.3
2022;5;16;428.7
2022;5;17;449.6
2022;5;18;398.2
2022;5;19;438.8
2022;5;20;434.4
2022;5;21;388.2
2022;5;22;360.4
2022;5;23;401.2
2022;5;24;405.0
2022;5;25;399.4
2022;5;26;451.5
2022;5;27;444.4
2022;5;28;417.8
2022;5;29;405.0
2022;5;30;485.0
2022;5;31;501.5
2022;6;1;502.7
2022;6;2;498.3
2022;6;3;493.4
2022;6;4;446.9
2022;6;5;410.9
2022;6;6;453.1
2022;6;7;467.1
2022;6;8;469.1
2022;6;9;468.6
2022;6;10;487.0
2022;6;11;456.8
2022;6;12;417.8
2022;6;13;459.9
2022;6;14;459.9
2022;6;15;450.6
2022;6;16;451.6
2022;6;17;442.5
2022;6;18;438.7
2022;6;19;401.4
2022;6;20;417.1
2022;6;21;468.1
2022;6;22;513.5
2022;6;23;517.8
2022;6;24;507.3
2022;6;25;475.2
2022;6;26;454.7
2022;6;27;502.4
2022;6;28;490.4
2022;6;29;471.8
2022;6;30;457.6
2022;7;1;472.0
2022;7;2;431.7
2022;7;3;418.4
2022;7;4;472.3
2022;7;5;466.4
2022;7;6;469.6
2022;7;7;467.0
2022;7;8;480.4
2022;7;9;400.4
2022;7;10;359.2
2022;7;11;450.5
2022;7;12;482.1
2022;7;13;475.1
2022;7;14;463.6
2022;7;15;475.5
2022;7;16;458.9
2022;7;17;432.0
2022;7;18;472.0
2022;7;19;469.7
2022;7;20;446.4
2022;7;21;433.6
2022;7;22;430.0
2022;7;23;389.7
2022;7;24;359.3
2022;7;25;415.9
2022;7;26;404.9
2022;7;27;404.4
2022;7;28;419.9
2022;7;29;427.4
2022;7;30;385.4
2022;7;31;354.6
2022;8;1;401.1
2022;8;2;414.3
2022;8;3;432.0
2022;8;4;447.2
2022;8;5;441.9
2022;8;6;407.9
2022;8;7;388.5
2022;8;8;454.1
2022;8;9;458.8
2022;8;10;447.4
2022;8;11;431.6
2022;8;12;411.0
2022;8;13;357.1
2022;8;14;321.0
2022;8;15;340.5
2022;8;16;406.1
2022;8;17;426.7
2022;8;18;452.4
2022;8;19;447.9
2022;8;20;395.7
2022;8;21;360.4
2022;8;22;416.4
2022;8;23;407.3
2022;8;24;388.8
2022;8;25;375.8
2022;8;26;374.4
2022;8;27;352.0
2022;8;28;359.2
2022;8;29;421.9
2022;8;30;415.1
2022;8;31;390.1
2022;9;1;389.4
2022;9;2;383.5
2022;9;3;367.1
2022;9;4;336.7
2022;9;5;376.1
2022;9;6;378.1
2022;9;7;362.6
2022;9;8;373.1
2022;9;9;400.8
2022;9;10;371.0
2022;9;11;339.6
2022;9;12;376.2
2022;9;13;382.0
2022;9;14;378.1
2022;9;15;374.3
2022;9;16;370.2
2022;9;17;336.3
2022;9;18;312.8
2022;9;19;364.7
2022;9;20;383.8
2022;9;21;391.4
2022;9;22;391.0
2022;9;23;383.8
2022;9;24;340.2
2022;9;25;312.6
2022;9;26;357.9
2022;9;27;366.8
2022;9;28;370.4
2022;9;29;374.9
2022;9;30;368.8
2022;10;1;334.8
2022;10;2;309.7
2022;10;3;359.2
2022;10;4;370.8
2022;10;5;369.3
2022;10;6;360.7
2022;10;7;334.9
2022;10;8;328.0
2022;10;9;316.6
2022;10;10;319.0
2022;10;11;360.7
2022;10;12;365.9
2022;10;13;360.6
2022;10;14;371.4
2022;10;15;353.2
2022;10;16;315.6
2022;10;17;360.3
2022;10;18;369.4
2022;10;19;367.9
2022;10;20;362.6
2022;10;21;365.6
2022;10;22;346.0
2022;10;23;320.6
2022;10;24;366.8
2022;10;25;383.9
2022;10;26;378.1
2022;10;27;378.7
2022;10;28;398.0
2022;10;29;386.9
2022;10;30;332.0
2022;10;31;359.8
2022;11;1;365.5
2022;11;2;360.8
2022;11;3;365.8
2022;11;4;368.1
2022;11;5;343.4
2022;11;6;327.4
2022;11;7;381.4
2022;11;8;386.8
2022;11;9;391.6
2022;11;10;388.6
2022;11;11;395.6
2022;11;12;364.3
2022;11;13;327.4
2022;11;14;360.9
2022;11;15;398.2
2022;11;16;444.5
2022;11;17;459.1
2022;11;18;464.9
2022;11;19;437.0
2022;11;20;370.5
2022;11;21;329.2
2022;11;22;361.0
2022;11;23;402.7
2022;11;24;462.7
2022;11;25;465.5
2022;11;26;454.0
2022;11;27;439.1
2022;11;28;514.3
2022;11;29;524.3
2022;11;30;475.7
2022;12;1;410.0
2022;12;2;419.8
2022;12;3;409.3
2022;12;4;417.8
2022;12;5;526.0
2022;12;6;556.5
2022;12;7;566.8
2022;12;8;516.5
2022;12;9;520.9
2022;12;10;455.1
2022;12;11;470.9
2022;12;12;476.0
2022;12;13;455.8
2022;12;14;503.2
2022;12;15;468.8
2022;12;16;431.2
2022;12;17;369.4
2022;12;18;351.9
2022;12;19;447.7
2022;12;20;464.2
2022;12;21;502.6
2022;12;22;513.9
2022;12;23;464.0
2022;12;24;356.9
2022;12;25;296.9
2022;12;26;383.0
2022;12;27;420.0
2022;12;28;429.5
2022;12;29;433.4
2022;12;30;478.3
2022;12;31;440.9
