2014;1;1;109439
2014;1;2;137171
2014;1;3;143540
2014;1;4;135688
2014;1;5;122400
2014;1;6;145980
2014;1;7;148072
2014;1;8;148291
2014;1;9;144904
2014;1;10;146791
2014;1;11;136625
2014;1;12;125716
2014;1;13;147591
2014;1;14;150145
2014;1;15;150312
2014;1;16;148757
2014;1;17;149819
2014;1;18;138388
2014;1;19;123927
2014;1;20;147243
2014;1;21;147970
2014;1;22;148457
2014;1;23;146922
2014;1;24;145916
2014;1;25;135744
2014;1;26;124835
2014;1;27;144854
2014;1;28;150158
2014;1;29;151638
2014;1;30;151707
2014;1;31;151167
2014;2;1;135722
2014;2;2;122470
2014;2;3;144884
2014;2;4;147167
2014;2;5;145058
2014;2;6;145582
2014;2;7;144493
2014;2;8;134757
2014;2;9;123923
2014;2;10;143926
2014;2;11;147505
2014;2;12;149131
2014;2;13;149328
2014;2;14;149276
2014;2;15;137017
2014;2;16;126356
2014;2;17;146977
2014;2;18;149465
2014;2;19;150642
2014;2;20;150746
2014;2;21;149511
2014;2;22;137484
2014;2;23;126473
2014;2;24;144918
2014;2;25;148860
2014;2;26;152401
2014;2;27;152159
2014;2;28;151065
2014;3;1;138278
2014;3;2;126030
2014;3;3;146212
2014;3;4;149303
2014;3;5;148114
2014;3;6;150057
2014;3;7;151832
2014;3;8;140563
2014;3;9;127566
2014;3;10;148394
2014;3;11;148881
2014;3;12;147506
2014;3;13;147166
2014;3;14;149035
2014;3;15;137634
2014;3;16;124810
2014;3;17;146639
2014;3;18;149337
2014;3;19;147068
2014;3;20;149068
2014;3;21;150382
2014;3;22;139608
2014;3;23;126017
2014;3;24;147299
2014;3;25;150346
2014;3;26;150872
2014;3;27;150022
2014;3;28;149367
2014;3;29;138337
2014;3;30;123470
2014;3;31;138635
2014;4;1;138345
2014;4;2;137094
2014;4;3;140990
2014;4;4;141066
2014;4;5;132485
2014;4;6;123198
2014;4;7;140589
2014;4;8;141976
2014;4;9;139643
2014;4;10;136899
2014;4;11;140181
2014;4;12;134645
2014;4;13;124689
2014;4;14;141414
2014;4;15;145172
2014;4;16;144355
2014;4;17;142270
2014;4;18;120784
2014;4;19;121562
2014;4;20;121091
2014;4;21;141085
2014;4;22;145822
2014;4;23;145700
2014;4;24;145812
2014;4;25;146700
2014;4;26;133407
2014;4;27;125738
2014;4;28;141566
2014;4;29;147064
2014;4;30;145105
2014;5;1;125816
2014;5;2;139953
2014;5;3;134780
2014;5;4;125705
2014;5;5;142883
2014;5;6;143005
2014;5;7;144093
2014;5;8;144674
2014;5;9;145710
2014;5;10;138009
2014;5;11;128624
2014;5;12;143506
2014;5;13;144538
2014;5;14;145859
2014;5;15;143062
2014;5;16;144262
2014;5;17;134075
2014;5;18;126439
2014;5;19;142609
2014;5;20;149017
2014;5;21;134386
2014;5;22;144958
2014;5;23;146083
2014;5;24;138670
2014;5;25;130171
2014;5;26;144853
2014;5;27;149363
2014;5;28;149147
2014;5;29;146171
2014;5;30;147612
2014;5;31;138551
2014;6;1;127702
2014;6;2;146990
2014;6;3;148810
2014;6;4;148366
2014;6;5;146540
2014;6;6;150738
2014;6;7;142517
2014;6;8;134757
2014;6;9;145729
2014;6;10;149250
2014;6;11;153871
2014;6;12;152131
2014;6;13;149112
2014;6;14;141880
2014;6;15;127288
2014;6;16;143237
2014;6;17;144346
2014;6;18;142889
2014;6;19;146722
2014;6;20;148637
2014;6;21;143953
2014;6;22;130550
2014;6;23;149885
2014;6;24;149682
2014;6;25;155173
2014;6;26;155644
2014;6;27;152350
2014;6;28;140816
2014;6;29;129609
2014;6;30;153758
2014;7;1;152048
2014;7;2;149099
2014;7;3;147561
2014;7;4;153018
2014;7;5;138133
2014;7;6;131383
2014;7;7;145450
2014;7;8;149095
2014;7;9;149736
2014;7;10;145006
2014;7;11;151028
2014;7;12;137776
2014;7;13;127946
2014;7;14;147440
2014;7;15;149615
2014;7;16;128787
2014;7;17;144156
2014;7;18;142080
2014;7;19;135417
2014;7;20;129042
2014;7;21;147657
2014;7;22;152379
2014;7;23;152361
2014;7;24;149809
2014;7;25;149474
2014;7;26;140726
2014;7;27;130973
2014;7;28;140864
2014;7;29;148149
2014;7;30;149286
2014;7;31;148201
2014;8;1;146582
2014;8;2;135560
2014;8;3;127652
2014;8;4;146395
2014;8;5;150144
2014;8;6;152342
2014;8;7;153093
2014;8;8;149247
2014;8;9;141629
2014;8;10;132110
2014;8;11;146517
2014;8;12;148543
2014;8;13;148518
2014;8;14;146840
2014;8;15;133460
2014;8;16;129775
2014;8;17;123319
2014;8;18;142725
2014;8;19;144983
2014;8;20;146709
2014;8;21;144323
2014;8;22;151293
2014;8;23;140296
2014;8;24;130098
2014;8;25;144561
2014;8;26;146936
2014;8;27;151262
2014;8;28;150048
2014;8;29;147935
2014;8;30;137505
2014;8;31;131288
2014;9;1;147937
2014;9;2;149266
2014;9;3;151371
2014;9;4;149058
2014;9;5;148140
2014;9;6;139038
2014;9;7;126379
2014;9;8;145080
2014;9;9;147154
2014;9;10;143598
2014;9;11;140412
2014;9;12;140063
2014;9;13;135864
2014;9;14;122997
2014;9;15;139059
2014;9;16;139695
2014;9;17;134788
2014;9;18;114261
2014;9;19;111981
2014;9;20;120179
2014;9;21;120679
2014;9;22;144941
2014;9;23;147629
2014;9;24;148887
2014;9;25;146033
2014;9;26;145659
2014;9;27;136980
2014;9;28;124560
2014;9;29;142153
2014;9;30;142460
2014;10;1;143306
2014;10;2;143355
2014;10;3;146370
2014;10;4;133520
2014;10;5;122459
2014;10;6;143813
2014;10;7;144179
2014;10;8;143911
2014;10;9;143861
2014;10;10;144152
2014;10;11;133195
2014;10;12;120437
2014;10;13;142330
2014;10;14;145371
2014;10;15;145069
2014;10;16;145353
2014;10;17;147797
2014;10;18;136929
2014;10;19;123393
2014;10;20;145038
2014;10;21;147429
2014;10;22;150166
2014;10;23;151288
2014;10;24;151687
2014;10;25;140256
2014;10;26;125779
2014;10;27;146344
2014;10;28;150377
2014;10;29;148066
2014;10;30;145698
2014;10;31;126651
2014;11;1;121816
2014;11;2;120680
2014;11;3;144524
2014;11;4;146891
2014;11;5;148021
2014;11;6;150853
2014;11;7;148131
2014;11;8;139758
2014;11;9;126924
2014;11;10;147918
2014;11;11;148855
2014;11;12;147874
2014;11;13;151225
2014;11;14;152734
2014;11;15;140719
2014;11;16;128087
2014;11;17;150504
2014;11;18;150367
2014;11;19;149768
2014;11;20;150610
2014;11;21;151100
2014;11;22;139891
2014;11;23;124815
2014;11;24;146641
2014;11;25;148364
2014;11;26;150609
2014;11;27;151227
2014;11;28;149782
2014;11;29;137110
2014;11;30;120967
2014;12;1;143006
2014;12;2;148885
2014;12;3;150230
2014;12;4;150525
2014;12;5;147799
2014;12;6;135073
2014;12;7;122102
2014;12;8;129029
2014;12;9;148104
2014;12;10;150251
2014;12;11;152050
2014;12;12;152123
2014;12;13;139530
2014;12;14;125362
2014;12;15;147077
2014;12;16;149281
2014;12;17;151021
2014;12;18;151888
2014;12;19;151614
2014;12;20;139237
2014;12;21;125331
2014;12;22;147873
2014;12;23;153698
2014;12;24;145032
2014;12;25;120115
2014;12;26;145757
2014;12;27;139806
2014;12;28;128606
2014;12;29;151441
2014;12;30;152871
2014;12;31;140997
2015;1;1;113258
2015;1;2;138229
2015;1;3;137909
2015;1;4;128566
2015;1;5;149355
2015;1;6;149099
2015;1;7;146605
2015;1;8;150005
2015;1;9;154172
2015;1;10;142475
2015;1;11;127004
2015;1;12;149072
2015;1;13;150086
2015;1;14;151059
2015;1;15;155680
2015;1;16;156304
2015;1;17;144683
2015;1;18;128788
2015;1;19;150953
2015;1;20;154953
2015;1;21;154264
2015;1;22;155148
2015;1;23;154529
2015;1;24;143998
2015;1;25;129012
2015;1;26;154272
2015;1;27;158468
2015;1;28;158075
2015;1;29;156573
2015;1;30;156235
2015;1;31;142816
2015;2;1;128594
2015;2;2;149419
2015;2;3;152546
2015;2;4;154441
2015;2;5;153734
2015;2;6;153793
2015;2;7;141590
2015;2;8;127621
2015;2;9;147161
2015;2;10;152783
2015;2;11;154881
2015;2;12;155961
2015;2;13;156335
2015;2;14;141612
2015;2;15;128672
2015;2;16;149522
2015;2;17;152231
2015;2;18;152558
2015;2;19;151258
2015;2;20;150688
2015;2;21;139941
2015;2;22;130573
2015;2;23;151720
2015;2;24;152141
2015;2;25;151827
2015;2;26;150814
2015;2;27;150005
2015;2;28;136988
2015;3;1;125951
2015;3;2;149474
2015;3;3;153146
2015;3;4;153630
2015;3;5;151296
2015;3;6;153747
2015;3;7;140580
2015;3;8;126590
2015;3;9;150723
2015;3;10;154263
2015;3;11;156659
2015;3;12;158277
2015;3;13;156969
2015;3;14;144196
2015;3;15;131919
2015;3;16;154075
2015;3;17;156177
2015;3;18;155468
2015;3;19;157936
2015;3;20;158965
2015;3;21;144854
2015;3;22;130284
2015;3;23;150222
2015;3;24;141892
2015;3;25;144609
2015;3;26;144439
2015;3;27;145145
2015;3;28;134230
2015;3;29;121966
2015;3;30;141992
2015;3;31;146207
2015;4;1;142981
2015;4;2;141342
2015;4;3;120442
2015;4;4;120596
2015;4;5;121072
2015;4;6;140576
2015;4;7;143121
2015;4;8;142753
2015;4;9;143248
2015;4;10;144979
2015;4;11;135634
2015;4;12;124725
2015;4;13;142053
2015;4;14;143364
2015;4;15;142696
2015;4;16;143020
2015;4;17;143923
2015;4;18;135712
2015;4;19;125330
2015;4;20;142628
2015;4;21;145174
2015;4;22;145183
2015;4;23;144558
2015;4;24;145903
2015;4;25;136339
2015;4;26;126439
2015;4;27;144775
2015;4;28;145627
2015;4;29;147727
2015;4;30;145520
2015;5;1;123944
2015;5;2;129986
2015;5;3;124262
2015;5;4;143761
2015;5;5;144759
2015;5;6;143118
2015;5;7;145783
2015;5;8;145191
2015;5;9;134717
2015;5;10;122512
2015;5;11;144121
2015;5;12;149079
2015;5;13;146795
2015;5;14;146080
2015;5;15;145297
2015;5;16;134442
2015;5;17;126156
2015;5;18;144726
2015;5;19;146261
2015;5;20;146182
2015;5;21;132144
2015;5;22;143086
2015;5;23;136574
2015;5;24;128744
2015;5;25;152450
2015;5;26;153273
2015;5;27;152749
2015;5;28;155408
2015;5;29;150861
2015;5;30;139910
2015;5;31;129842
2015;6;1;151032
2015;6;2;151184
2015;6;3;148486
2015;6;4;150537
2015;6;5;150125
2015;6;6;139184
2015;6;7;129221
2015;6;8;149144
2015;6;9;152602
2015;6;10;153296
2015;6;11;153984
2015;6;12;155264
2015;6;13;143992
2015;6;14;134203
2015;6;15;155368
2015;6;16;158526
2015;6;17;157346
2015;6;18;154324
2015;6;19;153994
2015;6;20;140784
2015;6;21;131325
2015;6;22;151888
2015;6;23;156522
2015;6;24;155007
2015;6;25;154161
2015;6;26;152571
2015;6;27;142081
2015;6;28;129781
2015;6;29;134231
2015;6;30;152706
2015;7;1;154501
2015;7;2;152839
2015;7;3;153407
2015;7;4;139310
2015;7;5;133934
2015;7;6;149247
2015;7;7;154109
2015;7;8;155762
2015;7;9;154646
2015;7;10;155822
2015;7;11;145251
2015;7;12;130423
2015;7;13;148525
2015;7;14;152074
2015;7;15;156277
2015;7;16;138374
2015;7;17;149417
2015;7;18;141270
2015;7;19;132884
2015;7;20;155436
2015;7;21;156131
2015;7;22;155185
2015;7;23;151880
2015;7;24;152361
2015;7;25;140642
2015;7;26;131469
2015;7;27;153076
2015;7;28;152708
2015;7;29;152613
2015;7;30;154037
2015;7;31;151988
2015;8;1;142323
2015;8;2;133174
2015;8;3;152025
2015;8;4;148410
2015;8;5;150987
2015;8;6;151517
2015;8;7;146844
2015;8;8;133356
2015;8;9;126204
2015;8;10;148187
2015;8;11;152789
2015;8;12;154833
2015;8;13;151792
2015;8;14;150837
2015;8;15;134495
2015;8;16;128855
2015;8;17;152193
2015;8;18;151164
2015;8;19;148774
2015;8;20;147177
2015;8;21;151087
2015;8;22;140547
2015;8;23;131153
2015;8;24;148980
2015;8;25;152318
2015;8;26;149946
2015;8;27;153357
2015;8;28;150205
2015;8;29;136869
2015;8;30;125349
2015;8;31;144054
2015;9;1;144610
2015;9;2;144949
2015;9;3;145754
2015;9;4;145056
2015;9;5;136648
2015;9;6;127857
2015;9;7;149357
2015;9;8;148258
2015;9;9;149868
2015;9;10;147179
2015;9;11;144922
2015;9;12;134906
2015;9;13;125895
2015;9;14;146508
2015;9;15;146903
2015;9;16;143720
2015;9;17;124524
2015;9;18;115602
2015;9;19;117824
2015;9;20;122313
2015;9;21;144603
2015;9;22;146370
2015;9;23;147878
2015;9;24;149814
2015;9;25;150956
2015;9;26;139159
2015;9;27;131429
2015;9;28;145311
2015;9;29;146523
2015;9;30;143066
2015;10;1;145725
2015;10;2;146987
2015;10;3;137130
2015;10;4;128232
2015;10;5;150559
2015;10;6;151108
2015;10;7;147768
2015;10;8;149417
2015;10;9;146279
2015;10;10;133738
2015;10;11;120247
2015;10;12;126596
2015;10;13;145905
2015;10;14;152436
2015;10;15;148396
2015;10;16;150765
2015;10;17;135898
2015;10;18;123123
2015;10;19;146226
2015;10;20;146690
2015;10;21;146354
2015;10;22;145680
2015;10;23;146681
2015;10;24;136857
2015;10;25;123081
2015;10;26;144819
2015;10;27;148466
2015;10;28;148682
2015;10;29;146969
2015;10;30;146272
2015;10;31;125090
2015;11;1;122071
2015;11;2;146620
2015;11;3;148867
2015;11;4;148545
2015;11;5;147419
2015;11;6;146971
2015;11;7;134938
2015;11;8;124482
2015;11;9;146088
2015;11;10;148613
2015;11;11;148791
2015;11;12;148349
2015;11;13;150799
2015;11;14;139258
2015;11;15;125520
2015;11;16;146704
2015;11;17;149357
2015;11;18;149172
2015;11;19;149161
2015;11;20;150719
2015;11;21;137120
2015;11;22;125039
2015;11;23;147209
2015;11;24;148837
2015;11;25;150305
2015;11;26;150446
2015;11;27;150454
2015;11;28;141098
2015;11;29;127666
2015;11;30;149837
2015;12;1;153215
2015;12;2;151749
2015;12;3;151057
2015;12;4;152434
2015;12;5;143229
2015;12;6;129144
2015;12;7;149297
2015;12;8;135539
2015;12;9;153498
2015;12;10;156795
2015;12;11;156174
2015;12;12;140634
2015;12;13;127503
2015;12;14;152361
2015;12;15;155556
2015;12;16;153469
2015;12;17;150400
2015;12;18;154640
2015;12;19;143811
2015;12;20;128797
2015;12;21;151896
2015;12;22;154145
2015;12;23;154449
2015;12;24;146229
2015;12;25;121636
2015;12;26;133590
2015;12;27;129733
2015;12;28;153026
2015;12;29;154713
2015;12;30;154753
2015;12;31;141860
2016;1;1;168224
2016;1;2;182939
2016;1;3;180309
2016;1;4;203924
2016;1;5;206318
2016;1;6;205432
2016;1;7;206049
2016;1;8;208426
2016;1;9;199012
2016;1;10;183721
2016;1;11;203767
2016;1;12;203747
2016;1;13;203735
2016;1;14;206537
2016;1;15;205554
2016;1;16;197521
2016;1;17;185605
2016;1;18;207998
2016;1;19;212004
2016;1;20;213819
2016;1;21;212879
2016;1;22;212214
2016;1;23;197610
2016;1;24;179678
2016;1;25;204126
2016;1;26;203101
2016;1;27;200046
2016;1;28;202018
2016;1;29;205026
2016;1;30;196623
2016;1;31;186150
2016;2;1;209005
2016;2;2;207617
2016;2;3;204275
2016;2;4;203084
2016;2;5;209370
2016;2;6;195587
2016;2;7;178732
2016;2;8;200257
2016;2;9;208073
2016;2;10;207066
2016;2;11;209747
2016;2;12;210048
2016;2;13;200573
2016;2;14;188467
2016;2;15;216688
2016;2;16;216428
2016;2;17;214277
2016;2;18;212915
2016;2;19;213345
2016;2;20;202901
2016;2;21;189581
2016;2;22;212608
2016;2;23;219120
2016;2;24;218666
2016;2;25;218726
2016;2;26;216671
2016;2;27;200876
2016;2;28;187277
2016;2;29;210406
2016;3;1;214649
2016;3;2;212421
2016;3;3;214875
2016;3;4;217797
2016;3;5;201056
2016;3;6;184795
2016;3;7;207247
2016;3;8;211380
2016;3;9;213939
2016;3;10;215419
2016;3;11;216978
2016;3;12;203339
2016;3;13;189045
2016;3;14;208055
2016;3;15;214347
2016;3;16;217631
2016;3;17;216370
2016;3;18;215106
2016;3;19;202170
2016;3;20;191897
2016;3;21;213550
2016;3;22;215461
2016;3;23;212151
2016;3;24;206867
2016;3;25;186755
2016;3;26;186816
2016;3;27;184928
2016;3;28;208328
2016;3;29;209404
2016;3;30;213103
2016;3;31;213930
2016;4;1;203316
2016;4;2;187259
2016;4;3;173797
2016;4;4;195420
2016;4;5;200895
2016;4;6;201317
2016;4;7;195836
2016;4;8;197421
2016;4;9;188289
2016;4;10;181580
2016;4;11;201520
2016;4;12;203835
2016;4;13;202592
2016;4;14;203793
2016;4;15;206660
2016;4;16;188339
2016;4;17;179647
2016;4;18;195684
2016;4;19;197407
2016;4;20;196185
2016;4;21;193270
2016;4;22;200607
2016;4;23;191500
2016;4;24;182873
2016;4;25;200339
2016;4;26;202670
2016;4;27;203936
2016;4;28;203860
2016;4;29;203874
2016;4;30;193428
2016;5;1;181093
2016;5;2;199826
2016;5;3;203642
2016;5;4;204118
2016;5;5;205455
2016;5;6;204639
2016;5;7;195499
2016;5;8;182706
2016;5;9;203407
2016;5;10;207250
2016;5;11;209676
2016;5;12;207618
2016;5;13;205494
2016;5;14;193682
2016;5;15;184427
2016;5;16;196839
2016;5;17;199633
2016;5;18;202433
2016;5;19;202755
2016;5;20;204521
2016;5;21;191050
2016;5;22;186557
2016;5;23;205418
2016;5;24;207352
2016;5;25;202606
2016;5;26;200306
2016;5;27;206384
2016;5;28;199756
2016;5;29;193476
2016;5;30;207929
2016;5;31;209682
2016;6;1;208221
2016;6;2;211617
2016;6;3;214239
2016;6;4;194872
2016;6;5;192141
2016;6;6;206680
2016;6;7;207361
2016;6;8;204943
2016;6;9;210678
2016;6;10;211709
2016;6;11;201332
2016;6;12;193923
2016;6;13;211303
2016;6;14;214483
2016;6;15;212660
2016;6;16;211762
2016;6;17;212024
2016;6;18;198152
2016;6;19;191830
2016;6;20;211407
2016;6;21;214886
2016;6;22;211626
2016;6;23;208697
2016;6;24;214054
2016;6;25;195782
2016;6;26;188265
2016;6;27;192440
2016;6;28;209880
2016;6;29;217329
2016;6;30;217105
2016;7;1;212060
2016;7;2;201244
2016;7;3;191899
2016;7;4;205569
2016;7;5;209409
2016;7;6;204774
2016;7;7;205064
2016;7;8;204035
2016;7;9;195516
2016;7;10;189965
2016;7;11;205259
2016;7;12;209082
2016;7;13;207711
2016;7;14;204358
2016;7;15;205000
2016;7;16;188573
2016;7;17;189259
2016;7;18;208100
2016;7;19;210088
2016;7;20;205387
2016;7;21;205048
2016;7;22;200378
2016;7;23;194804
2016;7;24;186932
2016;7;25;202912
2016;7;26;207385
2016;7;27;207654
2016;7;28;206780
2016;7;29;202007
2016;7;30;194303
2016;7;31;182252
2016;8;1;205461
2016;8;2;202228
2016;8;3;195393
2016;8;4;197101
2016;8;5;202920
2016;8;6;194935
2016;8;7;184998
2016;8;8;205612
2016;8;9;204101
2016;8;10;205532
2016;8;11;204438
2016;8;12;203787
2016;8;13;195760
2016;8;14;181180
2016;8;15;184545
2016;8;16;197004
2016;8;17;197592
2016;8;18;199859
2016;8;19;205823
2016;8;20;195260
2016;8;21;183477
2016;8;22;202570
2016;8;23;207520
2016;8;24;206146
2016;8;25;205463
2016;8;26;206402
2016;8;27;198089
2016;8;28;184577
2016;8;29;202370
2016;8;30;202459
2016;8;31;203667
2016;9;1;202180
2016;9;2;203112
2016;9;3;192288
2016;9;4;178224
2016;9;5;200491
2016;9;6;203694
2016;9;7;201381
2016;9;8;201622
2016;9;9;200124
2016;9;10;190497
2016;9;11;181610
2016;9;12;201467
2016;9;13;203660
2016;9;14;202898
2016;9;15;201135
2016;9;16;197116
2016;9;17;185532
2016;9;18;168499
2016;9;19;169703
2016;9;20;193002
2016;9;21;202271
2016;9;22;200375
2016;9;23;201900
2016;9;24;191577
2016;9;25;180336
2016;9;26;200280
2016;9;27;201486
2016;9;28;201063
2016;9;29;199630
2016;9;30;198377
2016;10;1;188766
2016;10;2;179756
2016;10;3;201059
2016;10;4;201144
2016;10;5;197906
2016;10;6;198930
2016;10;7;201655
2016;10;8;189687
2016;10;9;174835
2016;10;10;181511
2016;10;11;204221
2016;10;12;202538
2016;10;13;203997
2016;10;14;204203
2016;10;15;190638
2016;10;16;178878
2016;10;17;195547
2016;10;18;194729
2016;10;19;194991
2016;10;20;194160
2016;10;21;192189
2016;10;22;180844
2016;10;23;168973
2016;10;24;191409
2016;10;25;194928
2016;10;26;199138
2016;10;27;203508
2016;10;28;200256
2016;10;29;189187
2016;10;30;178295
2016;10;31;180317
2016;11;1;178122
2016;11;2;200446
2016;11;3;204850
2016;11;4;209249
2016;11;5;197234
2016;11;6;183248
2016;11;7;208115
2016;11;8;207782
2016;11;9;202171
2016;11;10;207663
2016;11;11;207951
2016;11;12;194308
2016;11;13;177017
2016;11;14;202727
2016;11;15;207164
2016;11;16;205785
2016;11;17;206207
2016;11;18;210085
2016;11;19;198397
2016;11;20;183912
2016;11;21;204792
2016;11;22;204793
2016;11;23;201891
2016;11;24;204432
2016;11;25;207039
2016;11;26;193156
2016;11;27;178672
2016;11;28;202064
2016;11;29;206821
2016;11;30;204696
2016;12;1;202796
2016;12;2;208767
2016;12;3;198334
2016;12;4;183949
2016;12;5;205719
2016;12;6;206649
2016;12;7;199199
2016;12;8;191792
2016;12;9;200260
2016;12;10;192093
2016;12;11;183958
2016;12;12;211087
2016;12;13;215331
2016;12;14;215184
2016;12;15;213557
2016;12;16;208635
2016;12;17;198764
2016;12;18;188999
2016;12;19;213313
2016;12;20;211788
2016;12;21;208496
2016;12;22;211875
2016;12;23;213746
2016;12;24;197966
2016;12;25;177223
2016;12;26;200983
2016;12;27;210068
2016;12;28;212359
2016;12;29;209599
2016;12;30;206923
2016;12;31;189146
2017;1;1;169240
2017;1;2;182745
2017;1;3;206595
2017;1;4;208313
2017;1;5;211006
2017;1;6;210545
2017;1;7;197270
2017;1;8;184585
2017;1;9;202863
2017;1;10;207285
2017;1;11;210697
2017;1;12;210873
2017;1;13;210969
2017;1;14;198797
2017;1;15;183269
2017;1;16;207059
2017;1;17;208916
2017;1;18;208110
2017;1;19;210028
2017;1;20;215441
2017;1;21;199309
2017;1;22;184493
2017;1;23;208898
2017;1;24;217184
2017;1;25;217173
2017;1;26;216724
2017;1;27;217499
2017;1;28;205875
2017;1;29;193300
2017;1;30;215021
2017;1;31;218374
2017;2;1;214439
2017;2;2;213671
2017;2;3;212696
2017;2;4;197452
2017;2;5;189028
2017;2;6;209652
2017;2;7;209341
2017;2;8;203744
2017;2;9;205737
2017;2;10;205049
2017;2;11;193515
2017;2;12;178117
2017;2;13;202160
2017;2;14;204591
2017;2;15;201946
2017;2;16;205966
2017;2;17;204808
2017;2;18;191147
2017;2;19;180357
2017;2;20;204449
2017;2;21;215420
2017;2;22;217182
2017;2;23;214125
2017;2;24;217268
2017;2;25;201867
2017;2;26;187426
2017;2;27;210905
2017;2;28;215373
2017;3;1;209618
2017;3;2;208440
2017;3;3;206958
2017;3;4;185063
2017;3;5;174013
2017;3;6;197846
2017;3;7;202023
2017;3;8;199264
2017;3;9;200871
2017;3;10;201081
2017;3;11;189173
2017;3;12;177699
2017;3;13;201914
2017;3;14;205043
2017;3;15;202840
2017;3;16;202235
2017;3;17;205199
2017;3;18;193358
2017;3;19;179614
2017;3;20;201054
2017;3;21;203943
2017;3;22;204029
2017;3;23;205500
2017;3;24;205364
2017;3;25;192866
2017;3;26;178901
2017;3;27;202317
2017;3;28;205910
2017;3;29;202288
2017;3;30;200489
2017;3;31;200262
2017;4;1;185622
2017;4;2;176480
2017;4;3;197585
2017;4;4;194484
2017;4;5;192252
2017;4;6;194851
2017;4;7;198103
2017;4;8;189197
2017;4;9;178692
2017;4;10;196977
2017;4;11;199375
2017;4;12;196716
2017;4;13;192696
2017;4;14;176056
2017;4;15;178411
2017;4;16;180180
2017;4;17;202893
2017;4;18;201340
2017;4;19;177959
2017;4;20;200475
2017;4;21;203948
2017;4;22;196196
2017;4;23;182380
2017;4;24;202044
2017;4;25;205217
2017;4;26;203684
2017;4;27;207130
2017;4;28;207585
2017;4;29;197314
2017;4;30;181769
2017;5;1;179937
2017;5;2;204084
2017;5;3;207768
2017;5;4;209342
2017;5;5;208928
2017;5;6;200843
2017;5;7;189372
2017;5;8;200136
2017;5;9;206002
2017;5;10;208024
2017;5;11;210370
2017;5;12;205925
2017;5;13;191693
2017;5;14;181247
2017;5;15;200400
2017;5;16;206595
2017;5;17;207250
2017;5;18;212643
2017;5;19;210937
2017;5;20;201126
2017;5;21;190391
2017;5;22;204694
2017;5;23;210244
2017;5;24;210040
2017;5;25;212012
2017;5;26;209964
2017;5;27;193483
2017;5;28;187377
2017;5;29;208782
2017;5;30;208185
2017;5;31;209928
2017;6;1;207414
2017;6;2;210947
2017;6;3;202227
2017;6;4;193368
2017;6;5;211362
2017;6;6;213338
2017;6;7;206831
2017;6;8;202803
2017;6;9;201449
2017;6;10;195252
2017;6;11;187203
2017;6;12;207802
2017;6;13;212539
2017;6;14;211315
2017;6;15;214914
2017;6;16;210267
2017;6;17;198722
2017;6;18;195397
2017;6;19;216079
2017;6;20;219769
2017;6;21;217196
2017;6;22;217704
2017;6;23;211276
2017;6;24;205586
2017;6;25;193801
2017;6;26;194816
2017;6;27;211632
2017;6;28;215048
2017;6;29;213178
2017;6;30;213354
2017;7;1;198015
2017;7;2;187278
2017;7;3;207408
2017;7;4;215959
2017;7;5;218305
2017;7;6;215364
2017;7;7;214661
2017;7;8;204050
2017;7;9;193470
2017;7;10;211609
2017;7;11;215301
2017;7;12;210598
2017;7;13;210508
2017;7;14;217507
2017;7;15;201205
2017;7;16;195492
2017;7;17;214043
2017;7;18;214465
2017;7;19;209447
2017;7;20;204902
2017;7;21;207819
2017;7;22;203137
2017;7;23;190219
2017;7;24;207707
2017;7;25;209669
2017;7;26;208282
2017;7;27;207753
2017;7;28;207163
2017;7;29;202689
2017;7;30;191812
2017;7;31;210707
2017;8;1;219387
2017;8;2;210655
2017;8;3;209264
2017;8;4;211890
2017;8;5;205243
2017;8;6;191486
2017;8;7;213593
2017;8;8;210280
2017;8;9;213913
2017;8;10;220991
2017;8;11;220769
2017;8;12;207958
2017;8;13;192250
2017;8;14;205006
2017;8;15;193483
2017;8;16;206011
2017;8;17;207992
2017;8;18;215147
2017;8;19;202866
2017;8;20;190743
2017;8;21;210433
2017;8;22;212195
2017;8;23;208886
2017;8;24;210653
2017;8;25;213471
2017;8;26;202857
2017;8;27;190245
2017;8;28;215860
2017;8;29;215610
2017;8;30;215170
2017;8;31;209572
2017;9;1;209799
2017;9;2;193681
2017;9;3;186975
2017;9;4;204057
2017;9;5;207487
2017;9;6;206460
2017;9;7;205876
2017;9;8;208976
2017;9;9;198932
2017;9;10;191578
2017;9;11;213269
2017;9;12;209088
2017;9;13;207434
2017;9;14;210066
2017;9;15;203957
2017;9;16;190406
2017;9;17;180639
2017;9;18;176352
2017;9;19;179795
2017;9;20;199875
2017;9;21;207220
2017;9;22;204474
2017;9;23;195641
2017;9;24;187073
2017;9;25;205451
2017;9;26;204837
2017;9;27;202382
2017;9;28;203616
2017;9;29;203859
2017;9;30;195895
2017;10;1;183415
2017;10;2;206529
2017;10;3;205187
2017;10;4;203762
2017;10;5;203790
2017;10;6;207472
2017;10;7;198494
2017;10;8;183366
2017;10;9;185885
2017;10;10;207390
2017;10;11;203943
2017;10;12;202437
2017;10;13;204859
2017;10;14;195609
2017;10;15;182676
2017;10;16;203463
2017;10;17;206511
2017;10;18;203813
2017;10;19;207183
2017;10;20;208588
2017;10;21;196976
2017;10;22;184716
2017;10;23;210238
2017;10;24;211386
2017;10;25;206956
2017;10;26;206246
2017;10;27;190554
2017;10;28;191021
2017;10;29;181835
2017;10;30;207743
2017;10;31;208609
2017;11;1;189693
2017;11;2;207814
2017;11;3;207798
2017;11;4;197661
2017;11;5;184698
2017;11;6;208525
2017;11;7;208236
2017;11;8;204467
2017;11;9;207092
2017;11;10;208333
2017;11;11;199258
2017;11;12;188674
2017;11;13;213890
2017;11;14;214509
2017;11;15;210203
2017;11;16;212586
2017;11;17;211184
2017;11;18;199099
2017;11;19;185248
2017;11;20;210479
2017;11;21;213852
2017;11;22;215556
2017;11;23;216289
2017;11;24;216093
2017;11;25;191438
2017;11;26;191563
2017;11;27;215133
2017;11;28;217477
2017;11;29;212907
2017;11;30;214021
2017;12;1;215384
2017;12;2;204352
2017;12;3;195758
2017;12;4;218127
2017;12;5;220130
2017;12;6;210468
2017;12;7;210029
2017;12;8;192940
2017;12;9;194509
2017;12;10;187946
2017;12;11;212298
2017;12;12;213056
2017;12;13;208029
2017;12;14;219236
2017;12;15;225573
2017;12;16;210317
2017;12;17;193088
2017;12;18;220935
2017;12;19;226408
2017;12;20;223806
2017;12;21;224528
2017;12;22;223556
2017;12;23;210531
2017;12;24;197120
2017;12;25;181500
2017;12;26;218481
2017;12;27;222955
2017;12;28;227182
2017;12;29;225787
2017;12;30;211408
2017;12;31;196114
2018;1;1;183030
2018;1;2;215434
2018;1;3;222032
2018;1;4;221943
2018;1;5;223000
2018;1;6;212185
2018;1;7;199409
2018;1;8;218378
2018;1;9;219269
2018;1;10;216892
2018;1;11;216427
2018;1;12;217518
2018;1;13;203265
2018;1;14;195772
2018;1;15;214271
2018;1;16;211581
2018;1;17;218804
2018;1;18;218983
2018;1;19;214440
2018;1;20;209408
2018;1;21;192599
2018;1;22;219064
2018;1;23;222757
2018;1;24;195954
2018;1;25;222543
2018;1;26;222370
2018;1;27;210268
2018;1;28;196521
2018;1;29;221935
2018;1;30;223853
2018;1;31;198970
2018;2;1;201678
2018;2;2;223389
2018;2;3;207963
2018;2;4;194053
2018;2;5;219528
2018;2;6;220893
2018;2;7;219596
2018;2;8;220277
2018;2;9;218041
2018;2;10;208725
2018;2;11;195346
2018;2;12;220358
2018;2;13;224017
2018;2;14;218586
2018;2;15;217289
2018;2;16;219379
2018;2;17;209908
2018;2;18;196653
2018;2;19;219371
2018;2;20;225027
2018;2;21;226149
2018;2;22;227384
2018;2;23;227682
2018;2;24;209938
2018;2;25;195031
2018;2;26;221535
2018;2;27;224732
2018;2;28;223261
2018;3;1;217351
2018;3;2;220051
2018;3;3;205726
2018;3;4;189794
2018;3;5;218292
2018;3;6;221534
2018;3;7;215922
2018;3;8;214695
2018;3;9;216320
2018;3;10;204724
2018;3;11;191613
2018;3;12;216120
2018;3;13;218096
2018;3;14;212503
2018;3;15;216771
2018;3;16;217771
2018;3;17;204364
2018;3;18;190643
2018;3;19;214130
2018;3;20;219748
2018;3;21;216302
2018;3;22;218473
2018;3;23;220203
2018;3;24;208568
2018;3;25;196073
2018;3;26;218599
2018;3;27;222897
2018;3;28;223853
2018;3;29;219787
2018;3;30;192195
2018;3;31;188402
2018;4;1;183576
2018;4;2;204474
2018;4;3;208688
2018;4;4;208922
2018;4;5;207842
2018;4;6;206687
2018;4;7;199818
2018;4;8;187959
2018;4;9;208144
2018;4;10;208889
2018;4;11;206388
2018;4;12;205569
2018;4;13;208639
2018;4;14;197756
2018;4;15;187272
2018;4;16;207583
2018;4;17;210063
2018;4;18;210088
2018;4;19;211369
2018;4;20;214236
2018;4;21;203302
2018;4;22;190967
2018;4;23;209146
2018;4;24;211315
2018;4;25;209779
2018;4;26;211629
2018;4;27;213827
2018;4;28;206638
2018;4;29;190155
2018;4;30;204868
2018;5;1;189651
2018;5;2;210662
2018;5;3;213970
2018;5;4;214717
2018;5;5;202498
2018;5;6;191485
2018;5;7;211468
2018;5;8;212151
2018;5;9;212508
2018;5;10;212802
2018;5;11;210872
2018;5;12;203045
2018;5;13;195243
2018;5;14;213804
2018;5;15;214843
2018;5;16;214634
2018;5;17;213534
2018;5;18;216305
2018;5;19;204368
2018;5;20;193885
2018;5;21;195847
2018;5;22;214101
2018;5;23;214520
2018;5;24;217644
2018;5;25;217139
2018;5;26;213955
2018;5;27;198302
2018;5;28;220511
2018;5;29;220368
2018;5;30;216261
2018;5;31;219726
2018;6;1;221872
2018;6;2;213283
2018;6;3;203088
2018;6;4;226258
2018;6;5;228669
2018;6;6;220532
2018;6;7;220539
2018;6;8;219762
2018;6;9;211750
2018;6;10;202525
2018;6;11;222558
2018;6;12;227271
2018;6;13;223133
2018;6;14;220723
2018;6;15;219603
2018;6;16;204381
2018;6;17;194739
2018;6;18;210811
2018;6;19;219466
2018;6;20;221750
2018;6;21;222241
2018;6;22;224323
2018;6;23;219209
2018;6;24;205289
2018;6;25;229074
2018;6;26;230059
2018;6;27;222634
2018;6;28;225180
2018;6;29;222845
2018;6;30;214267
2018;7;1;201768
2018;7;2;202997
2018;7;3;224762
2018;7;4;223046
2018;7;5;225825
2018;7;6;222201
2018;7;7;210087
2018;7;8;197729
2018;7;9;217099
2018;7;10;223269
2018;7;11;220604
2018;7;12;220501
2018;7;13;215486
2018;7;14;207960
2018;7;15;197384
2018;7;16;198293
2018;7;17;222884
2018;7;18;221612
2018;7;19;223088
2018;7;20;221047
2018;7;21;211097
2018;7;22;199366
2018;7;23;221717
2018;7;24;223421
2018;7;25;224954
2018;7;26;222130
2018;7;27;229916
2018;7;28;214808
2018;7;29;203568
2018;7;30;219805
2018;7;31;221371
2018;8;1;224395
2018;8;2;218675
2018;8;3;218827
2018;8;4;212596
2018;8;5;197575
2018;8;6;221566
2018;8;7;221705
2018;8;8;213607
2018;8;9;218743
2018;8;10;215598
2018;8;11;206074
2018;8;12;194214
2018;8;13;216501
2018;8;14;216685
2018;8;15;191552
2018;8;16;211015
2018;8;17;211506
2018;8;18;200934
2018;8;19;190339
2018;8;20;211996
2018;8;21;215027
2018;8;22;220660
2018;8;23;220289
2018;8;24;217639
2018;8;25;203054
2018;8;26;190548
2018;8;27;213543
2018;8;28;214480
2018;8;29;214859
2018;8;30;215334
2018;8;31;216701
2018;9;1;202339
2018;9;2;188827
2018;9;3;206508
2018;9;4;206943
2018;9;5;206529
2018;9;6;208583
2018;9;7;209298
2018;9;8;200746
2018;9;9;189885
2018;9;10;209100
2018;9;11;206250
2018;9;12;204444
2018;9;13;207767
2018;9;14;208377
2018;9;15;202226
2018;9;16;188731
2018;9;17;190275
2018;9;18;185424
2018;9;19;187033
2018;9;20;209257
2018;9;21;207059
2018;9;22;200614
2018;9;23;187303
2018;9;24;208116
2018;9;25;210970
2018;9;26;211176
2018;9;27;212863
2018;9;28;213746
2018;9;29;204869
2018;9;30;194682
2018;10;1;211419
2018;10;2;211631
2018;10;3;207916
2018;10;4;208873
2018;10;5;207003
2018;10;6;195153
2018;10;7;193480
2018;10;8;211491
2018;10;9;219983
2018;10;10;210442
2018;10;11;210401
2018;10;12;213218
2018;10;13;199713
2018;10;14;184320
2018;10;15;194342
2018;10;16;213193
2018;10;17;211059
2018;10;18;204970
2018;10;19;210559
2018;10;20;198738
2018;10;21;191568
2018;10;22;207524
2018;10;23;211357
2018;10;24;210018
2018;10;25;210586
2018;10;26;212101
2018;10;27;204104
2018;10;28;191374
2018;10;29;213390
2018;10;30;190074
2018;10;31;212763
2018;11;1;193543
2018;11;2;191134
2018;11;3;191151
2018;11;4;186061
2018;11;5;207326
2018;11;6;212881
2018;11;7;208987
2018;11;8;213917
2018;11;9;216365
2018;11;10;201993
2018;11;11;184996
2018;11;12;210056
2018;11;13;211773
2018;11;14;214292
2018;11;15;214055
2018;11;16;215086
2018;11;17;203801
2018;11;18;194051
2018;11;19;220263
2018;11;20;223066
2018;11;21;222828
2018;11;22;221543
2018;11;23;223612
2018;11;24;210163
2018;11;25;194884
2018;11;26;219502
2018;11;27;222621
2018;11;28;222695
2018;11;29;223204
2018;11;30;223190
2018;12;1;209317
2018;12;2;192102
2018;12;3;217847
2018;12;4;217736
2018;12;5;216175
2018;12;6;222066
2018;12;7;219400
2018;12;8;194945
2018;12;9;187988
2018;12;10;217075
2018;12;11;223295
2018;12;12;217786
2018;12;13;212878
2018;12;14;209732
2018;12;15;198753
2018;12;16;187431
2018;12;17;217741
2018;12;18;223484
2018;12;19;217928
2018;12;20;218794
2018;12;21;223555
2018;12;22;212360
2018;12;23;199388
2018;12;24;206021
2018;12;25;184949
2018;12;26;217751
2018;12;27;220378
2018;12;28;221645
2018;12;29;210536
2018;12;30;198105
2018;12;31;206104
2019;1;1;180984
2019;1;2;208910
2019;1;3;214259
2019;1;4;217968
2019;1;5;209227
2019;1;6;193578
2019;1;7;215302
2019;1;8;213075
2019;1;9;206676
2019;1;10;211158
2019;1;11;214049
2019;1;12;200795
2019;1;13;187443
2019;1;14;207186
2019;1;15;213604
2019;1;16;216532
2019;1;17;217970
2019;1;18;221319
2019;1;19;207867
2019;1;20;192175
2019;1;21;219831
2019;1;22;219402
2019;1;23;220055
2019;1;24;222604
2019;1;25;225482
2019;1;26;214620
2019;1;27;199790
2019;1;28;225935
2019;1;29;225888
2019;1;30;224056
2019;1;31;226568
2019;2;1;225157
2019;2;2;207048
2019;2;3;192257
2019;2;4;217852
2019;2;5;225042
2019;2;6;223949
2019;2;7;220153
2019;2;8;218336
2019;2;9;204223
2019;2;10;190408
2019;2;11;210953
2019;2;12;215883
2019;2;13;210605
2019;2;14;216996
2019;2;15;223302
2019;2;16;208537
2019;2;17;197285
2019;2;18;222108
2019;2;19;226613
2019;2;20;221448
2019;2;21;218346
2019;2;22;221853
2019;2;23;210712
2019;2;24;194879
2019;2;25;217728
2019;2;26;223101
2019;2;27;224547
2019;2;28;225003
2019;3;1;225984
2019;3;2;211597
2019;3;3;196925
2019;3;4;220871
2019;3;5;225201
2019;3;6;223846
2019;3;7;222143
2019;3;8;224914
2019;3;9;211207
2019;3;10;196128
2019;3;11;221659
2019;3;12;225928
2019;3;13;222248
2019;3;14;219573
2019;3;15;217656
2019;3;16;204184
2019;3;17;193523
2019;3;18;217364
2019;3;19;217642
2019;3;20;218953
2019;3;21;219112
2019;3;22;218909
2019;3;23;207967
2019;3;24;194556
2019;3;25;218626
2019;3;26;221376
2019;3;27;216887
2019;3;28;211984
2019;3;29;213114
2019;3;30;204855
2019;3;31;193673
2019;4;1;206137
2019;4;2;209531
2019;4;3;207468
2019;4;4;202993
2019;4;5;206791
2019;4;6;200263
2019;4;7;191257
2019;4;8;208148
2019;4;9;209245
2019;4;10;206423
2019;4;11;204467
2019;4;12;211447
2019;4;13;208847
2019;4;14;193144
2019;4;15;209687
2019;4;16;213280
2019;4;17;211213
2019;4;18;212054
2019;4;19;194165
2019;4;20;190857
2019;4;21;188715
2019;4;22;209555
2019;4;23;216129
2019;4;24;213607
2019;4;25;212347
2019;4;26;214938
2019;4;27;206753
2019;4;28;196602
2019;4;29;215559
2019;4;30;213858
2019;5;1;192620
2019;5;2;210347
2019;5;3;217577
2019;5;4;209916
2019;5;5;196178
2019;5;6;214580
2019;5;7;217264
2019;5;8;214490
2019;5;9;215272
2019;5;10;215354
2019;5;11;208199
2019;5;12;196573
2019;5;13;211127
2019;5;14;216823
2019;5;15;213051
2019;5;16;215613
2019;5;17;215189
2019;5;18;205283
2019;5;19;198341
2019;5;20;216430
2019;5;21;206175
2019;5;22;223390
2019;5;23;226028
2019;5;24;223405
2019;5;25;213595
2019;5;26;202721
2019;5;27;220050
2019;5;28;220704
2019;5;29;221234
2019;5;30;215362
2019;5;31;213094
2019;6;1;206693
2019;6;2;194409
2019;6;3;209253
2019;6;4;217208
2019;6;5;210178
2019;6;6;217413
2019;6;7;218533
2019;6;8;212681
2019;6;9;201697
2019;6;10;217094
2019;6;11;225216
2019;6;12;223806
2019;6;13;224198
2019;6;14;225940
2019;6;15;214625
2019;6;16;200561
2019;6;17;224276
2019;6;18;221242
2019;6;19;220533
2019;6;20;220388
2019;6;21;223571
2019;6;22;209356
2019;6;23;202934
2019;6;24;227859
2019;6;25;229576
2019;6;26;229315
2019;6;27;232281
2019;6;28;223479
2019;6;29;207488
2019;6;30;205511
2019;7;1;225316
2019;7;2;225030
2019;7;3;223028
2019;7;4;223318
2019;7;5;225417
2019;7;6;214870
2019;7;7;205022
2019;7;8;221008
2019;7;9;222268
2019;7;10;226988
2019;7;11;224507
2019;7;12;227650
2019;7;13;217366
2019;7;14;202425
2019;7;15;217164
2019;7;16;205663
2019;7;17;222224
2019;7;18;220386
2019;7;19;222306
2019;7;20;213913
2019;7;21;207653
2019;7;22;224977
2019;7;23;229787
2019;7;24;226664
2019;7;25;227663
2019;7;26;224923
2019;7;27;214524
2019;7;28;202298
2019;7;29;218992
2019;7;30;219692
2019;7;31;219510
2019;8;1;223999
2019;8;2;218840
2019;8;3;204968
2019;8;4;197568
2019;8;5;215445
2019;8;6;220259
2019;8;7;219565
2019;8;8;220760
2019;8;9;225563
2019;8;10;218555
2019;8;11;201474
2019;8;12;218319
2019;8;13;221069
2019;8;14;212993
2019;8;15;202262
2019;8;16;217791
2019;8;17;208145
2019;8;18;202644
2019;8;19;220945
2019;8;20;216471
2019;8;21;216940
2019;8;22;215236
2019;8;23;211052
2019;8;24;204030
2019;8;25;196240
2019;8;26;210641
2019;8;27;213895
2019;8;28;211900
2019;8;29;213486
2019;8;30;214255
2019;8;31;205003
2019;9;1;193784
2019;9;2;208740
2019;9;3;206759
2019;9;4;207605
2019;9;5;207540
2019;9;6;212760
2019;9;7;207000
2019;9;8;188939
2019;9;9;211339
2019;9;10;212547
2019;9;11;208161
2019;9;12;208010
2019;9;13;210761
2019;9;14;207195
2019;9;15;197240
2019;9;16;211307
2019;9;17;205969
2019;9;18;186245
2019;9;19;184993
2019;9;20;189445
2019;9;21;194024
2019;9;22;190602
2019;9;23;209346
2019;9;24;209679
2019;9;25;206581
2019;9;26;212496
2019;9;27;216571
2019;9;28;204329
2019;9;29;194037
2019;9;30;217034
2019;10;1;224814
2019;10;2;222387
2019;10;3;218299
2019;10;4;214392
2019;10;5;201676
2019;10;6;189303
2019;10;7;210072
2019;10;8;212903
2019;10;9;212820
2019;10;10;214374
2019;10;11;215969
2019;10;12;197440
2019;10;13;190871
2019;10;14;212158
2019;10;15;212970
2019;10;16;208599
2019;10;17;207336
2019;10;18;205623
2019;10;19;194041
2019;10;20;177754
2019;10;21;182722
2019;10;22;186515
2019;10;23;189740
2019;10;24;194900
2019;10;25;199467
2019;10;26;192600
2019;10;27;183060
2019;10;28;201420
2019;10;29;205070
2019;10;30;198877
2019;10;31;185758
2019;11;1;184076
2019;11;2;188746
2019;11;3;181940
2019;11;4;207288
2019;11;5;209711
2019;11;6;212199
2019;11;7;215329
2019;11;8;217915
2019;11;9;206957
2019;11;10;192396
2019;11;11;214403
2019;11;12;211213
2019;11;13;212077
2019;11;14;215437
2019;11;15;220306
2019;11;16;212621
2019;11;17;197919
2019;11;18;222117
2019;11;19;225557
2019;11;20;220314
2019;11;21;220784
2019;11;22;218457
2019;11;23;208656
2019;11;24;192922
2019;11;25;215430
2019;11;26;217140
2019;11;27;218741
2019;11;28;221217
2019;11;29;222314
2019;11;30;209234
2019;12;1;196328
2019;12;2;218257
2019;12;3;221360
2019;12;4;220870
2019;12;5;220709
2019;12;6;223753
2019;12;7;210226
2019;12;8;197785
2019;12;9;222627
2019;12;10;225990
2019;12;11;226140
2019;12;12;229452
2019;12;13;227883
2019;12;14;212921
2019;12;15;198091
2019;12;16;225803
2019;12;17;228068
2019;12;18;225783
2019;12;19;223435
2019;12;20;228351
2019;12;21;218890
2019;12;22;206185
2019;12;23;230306
2019;12;24;222688
2019;12;25;192022
2019;12;26;223966
2019;12;27;231197
2019;12;28;221946
2019;12;29;208225
2019;12;30;229045
2019;12;31;219970
2020;1;1;187919
2020;1;2;221647
2020;1;3;227272
2020;1;4;216086
2020;1;5;198934
2020;1;6;218677
2020;1;7;220149
2020;1;8;215766
2020;1;9;220154
2020;1;10;221128
2020;1;11;209692
2020;1;12;194946
2020;1;13;222443
2020;1;14;224277
2020;1;15;221741
2020;1;16;223534
2020;1;17;227539
2020;1;18;214486
2020;1;19;196091
2020;1;20;222574
2020;1;21;227852
2020;1;22;223181
2020;1;23;228424
2020;1;24;233065
2020;1;25;218579
2020;1;26;203284
2020;1;27;232092
2020;1;28;235678
2020;1;29;231115
2020;1;30;231556
2020;1;31;230705
2020;2;1;213540
2020;2;2;199711
2020;2;3;221283
2020;2;4;223364
2020;2;5;220485
2020;2;6;221068
2020;2;7;224939
2020;2;8;216616
2020;2;9;204576
2020;2;10;227323
2020;2;11;228218
2020;2;12;225243
2020;2;13;223376
2020;2;14;222249
2020;2;15;208000
2020;2;16;194824
2020;2;17;219028
2020;2;18;224274
2020;2;19;227080
2020;2;20;230771
2020;2;21;227105
2020;2;22;213722
2020;2;23;198161
2020;2;24;223431
2020;2;25;226002
2020;2;26;228613
2020;2;27;229090
2020;2;28;229028
2020;2;29;216941
2020;3;1;194552
2020;3;2;223524
2020;3;3;228366
2020;3;4;226091
2020;3;5;229434
2020;3;6;234420
2020;3;7;217831
2020;3;8;205554
2020;3;9;230677
2020;3;10;232673
2020;3;11;228644
2020;3;12;228815
2020;3;13;231432
2020;3;14;216298
2020;3;15;200139
2020;3;16;217705
2020;3;17;225790
2020;3;18;224491
2020;3;19;219038
2020;3;20;223895
2020;3;21;210067
2020;3;22;196065
2020;3;23;215916
2020;3;24;219682
2020;3;25;217920
2020;3;26;220880
2020;3;27;216238
2020;3;28;207544
2020;3;29;196343
2020;3;30;213524
2020;3;31;213019
2020;4;1;207271
2020;4;2;207382
2020;4;3;206882
2020;4;4;192681
2020;4;5;187975
2020;4;6;202570
2020;4;7;209089
2020;4;8;212585
2020;4;9;210362
2020;4;10;194931
2020;4;11;192836
2020;4;12;191707
2020;4;13;211123
2020;4;14;211829
2020;4;15;211833
2020;4;16;212836
2020;4;17;215073
2020;4;18;202290
2020;4;19;192746
2020;4;20;210185
2020;4;21;214406
2020;4;22;210779
2020;4;23;210990
2020;4;24;215475
2020;4;25;205666
2020;4;26;195964
2020;4;27;211622
2020;4;28;215002
2020;4;29;213769
2020;4;30;209736
2020;5;1;191274
2020;5;2;195376
2020;5;3;192720
2020;5;4;207616
2020;5;5;210589
2020;5;6;207694
2020;5;7;211435
2020;5;8;212870
2020;5;9;203772
2020;5;10;194399
2020;5;11;211164
2020;5;12;215717
2020;5;13;211622
2020;5;14;212910
2020;5;15;210412
2020;5;16;203731
2020;5;17;195421
2020;5;18;212934
2020;5;19;217330
2020;5;20;215572
2020;5;21;202867
2020;5;22;212154
2020;5;23;201976
2020;5;24;194035
2020;5;25;206635
2020;5;26;210995
2020;5;27;217227
2020;5;28;218768
2020;5;29;217484
2020;5;30;210380
2020;5;31;197294
2020;6;1;211370
2020;6;2;217499
2020;6;3;209464
2020;6;4;212854
2020;6;5;214878
2020;6;6;207796
2020;6;7;200210
2020;6;8;217419
2020;6;9;221516
2020;6;10;219512
2020;6;11;223008
2020;6;12;218584
2020;6;13;211876
2020;6;14;200429
2020;6;15;216216
2020;6;16;215341
2020;6;17;220007
2020;6;18;220723
2020;6;19;219477
2020;6;20;213454
2020;6;21;201723
2020;6;22;219253
2020;6;23;218638
2020;6;24;214919
2020;6;25;224594
2020;6;26;218551
2020;6;27;210030
2020;6;28;201144
2020;6;29;201646
2020;6;30;211261
2020;7;1;211344
2020;7;2;208582
2020;7;3;206016
2020;7;4;205230
2020;7;5;195707
2020;7;6;211705
2020;7;7;214830
2020;7;8;216089
2020;7;9;210059
2020;7;10;214495
2020;7;11;206220
2020;7;12;194618
2020;7;13;209253
2020;7;14;208050
2020;7;15;207650
2020;7;16;201218
2020;7;17;211618
2020;7;18;205067
2020;7;19;195121
2020;7;20;209207
2020;7;21;215734
2020;7;22;212922
2020;7;23;210174
2020;7;24;213794
2020;7;25;210608
2020;7;26;201461
2020;7;27;214931
2020;7;28;215550
2020;7;29;213590
2020;7;30;213776
2020;7;31;213197
2020;8;1;203061
2020;8;2;193567
2020;8;3;205328
2020;8;4;210871
2020;8;5;206354
2020;8;6;206611
2020;8;7;206717
2020;8;8;197022
2020;8;9;190057
2020;8;10;212242
2020;8;11;215955
2020;8;12;216771
2020;8;13;217232
2020;8;14;215265
2020;8;15;199419
2020;8;16;194570
2020;8;17;212364
2020;8;18;218203
2020;8;19;217617
2020;8;20;213690
2020;8;21;209959
2020;8;22;200834
2020;8;23;194110
2020;8;24;212037
2020;8;25;214444
2020;8;26;215631
2020;8;27;218475
2020;8;28;220462
2020;8;29;204198
2020;8;30;196852
2020;8;31;216873
2020;9;1;220681
2020;9;2;213225
2020;9;3;213533
2020;9;4;213093
2020;9;5;202474
2020;9;6;189957
2020;9;7;211990
2020;9;8;219007
2020;9;9;210616
2020;9;10;210043
2020;9;11;209494
2020;9;12;197771
2020;9;13;189742
2020;9;14;208266
2020;9;15;212409
2020;9;16;208975
2020;9;17;204368
2020;9;18;186183
2020;9;19;184814
2020;9;20;188263
2020;9;21;209655
2020;9;22;210587
2020;9;23;207595
2020;9;24;210136
2020;9;25;217368
2020;9;26;202127
2020;9;27;189881
2020;9;28;210508
2020;9;29;215213
2020;9;30;208303
2020;10;1;209961
2020;10;2;211546
2020;10;3;204293
2020;10;4;192940
2020;10;5;210208
2020;10;6;210405
2020;10;7;208518
2020;10;8;209533
2020;10;9;211696
2020;10;10;200435
2020;10;11;187751
2020;10;12;193755
2020;10;13;213510
2020;10;14;210679
2020;10;15;214072
2020;10;16;213556
2020;10;17;204469
2020;10;18;191581
2020;10;19;210612
2020;10;20;213116
2020;10;21;212818
2020;10;22;211657
2020;10;23;213790
2020;10;24;202884
2020;10;25;191449
2020;10;26;215951
2020;10;27;218699
2020;10;28;215810
2020;10;29;216876
2020;10;30;217163
2020;10;31;199968
2020;11;1;193822
2020;11;2;213042
2020;11;3;215471
2020;11;4;215301
2020;11;5;215087
2020;11;6;216985
2020;11;7;205040
2020;11;8;193584
2020;11;9;215745
2020;11;10;219645
2020;11;11;217741
2020;11;12;215878
2020;11;13;212825
2020;11;14;198906
2020;11;15;188661
2020;11;16;212596
2020;11;17;216441
2020;11;18;216353
2020;11;19;219938
2020;11;20;220056
2020;11;21;207449
2020;11;22;193245
2020;11;23;217104
2020;11;24;220105
2020;11;25;219283
2020;11;26;224099
2020;11;27;225582
2020;11;28;212137
2020;11;29;198475
2020;11;30;225049
2020;12;1;227027
2020;12;2;222688
2020;12;3;226554
2020;12;4;227143
2020;12;5;216399
2020;12;6;201518
2020;12;7;218156
2020;12;8;208742
2020;12;9;225206
2020;12;10;221728
2020;12;11;224769
2020;12;12;215099
2020;12;13;205633
2020;12;14;226100
2020;12;15;228186
2020;12;16;227243
2020;12;17;227344
2020;12;18;225989
2020;12;19;216120
2020;12;20;207799
2020;12;21;232451
2020;12;22;234387
2020;12;23;232708
2020;12;24;226757
2020;12;25;202099
2020;12;26;210970
2020;12;27;208650
2020;12;28;233483
2020;12;29;234007
2020;12;30;234476
2020;12;31;226616
2021;1;1;200656
2021;1;2;208918
2021;1;3;206256
2021;1;4;230277
2021;1;5;231151
2021;1;6;228275
2021;1;7;224875
2021;1;8;226879
2021;1;9;208967
2021;1;10;197110
2021;1;11;223676
2021;1;12;228468
2021;1;13;222213
2021;1;14;218687
2021;1;15;220785
2021;1;16;210296
2021;1;17;201676
2021;1;18;226675
2021;1;19;231382
2021;1;20;230810
2021;1;21;226136
2021;1;22;228047
2021;1;23;216548
2021;1;24;203330
2021;1;25;227937
2021;1;26;229735
2021;1;27;228412
2021;1;28;225089
2021;1;29;220188
2021;1;30;200635
2021;1;31;190523
2021;2;1;213355
2021;2;2;219176
2021;2;3;218192
2021;2;4;227136
2021;2;5;222850
2021;2;6;210360
2021;2;7;196588
2021;2;8;220902
2021;2;9;222953
2021;2;10;226381
2021;2;11;225025
2021;2;12;220781
2021;2;13;212473
2021;2;14;195921
2021;2;15;218703
2021;2;16;222341
2021;2;17;222363
2021;2;18;221074
2021;2;19;224233
2021;2;20;218237
2021;2;21;208401
2021;2;22;228751
2021;2;23;234621
2021;2;24;234876
2021;2;25;235372
2021;2;26;237697
2021;2;27;225712
2021;2;28;212160
2021;3;1;232144
2021;3;2;233768
2021;3;3;234960
2021;3;4;236312
2021;3;5;238609
2021;3;6;226947
2021;3;7;214890
2021;3;8;238848
2021;3;9;237496
2021;3;10;230468
2021;3;11;229510
2021;3;12;232404
2021;3;13;219521
2021;3;14;206454
2021;3;15;223117
2021;3;16;225709
2021;3;17;223401
2021;3;18;225254
2021;3;19;226775
2021;3;20;213456
2021;3;21;202464
2021;3;22;226436
2021;3;23;227196
2021;3;24;226003
2021;3;25;226140
2021;3;26;226520
2021;3;27;215200
2021;3;28;201123
2021;3;29;224517
2021;3;30;228572
2021;3;31;225302
2021;4;1;216428
2021;4;2;199917
2021;4;3;199449
2021;4;4;200486
2021;4;5;218517
2021;4;6;225573
2021;4;7;222189
2021;4;8;222858
2021;4;9;221248
2021;4;10;214659
2021;4;11;201156
2021;4;12;223713
2021;4;13;226635
2021;4;14;220637
2021;4;15;220481
2021;4;16;219654
2021;4;17;211307
2021;4;18;198696
2021;4;19;219092
2021;4;20;225267
2021;4;21;219207
2021;4;22;222543
2021;4;23;222341
2021;4;24;213696
2021;4;25;203345
2021;4;26;221235
2021;4;27;225866
2021;4;28;223636
2021;4;29;223956
2021;4;30;225012
2021;5;1;204609
2021;5;2;205977
2021;5;3;224425
2021;5;4;227970
2021;5;5;223868
2021;5;6;227312
2021;5;7;226940
2021;5;8;216815
2021;5;9;200674
2021;5;10;222901
2021;5;11;227732
2021;5;12;226819
2021;5;13;220202
2021;5;14;222700
2021;5;15;207808
2021;5;16;205081
2021;5;17;227666
2021;5;18;235159
2021;5;19;229311
2021;5;20;232810
2021;5;21;218061
2021;5;22;214277
2021;5;23;209379
2021;5;24;231126
2021;5;25;233005
2021;5;26;233454
2021;5;27;230084
2021;5;28;232179
2021;5;29;222159
2021;5;30;211700
2021;5;31;226668
2021;6;1;223257
2021;6;2;220464
2021;6;3;217484
2021;6;4;224105
2021;6;5;220402
2021;6;6;208819
2021;6;7;225195
2021;6;8;227970
2021;6;9;224526
2021;6;10;227343
2021;6;11;222208
2021;6;12;218153
2021;6;13;209308
2021;6;14;225524
2021;6;15;235775
2021;6;16;227447
2021;6;17;230657
2021;6;18;234347
2021;6;19;223669
2021;6;20;212482
2021;6;21;218577
2021;6;22;235730
2021;6;23;234105
2021;6;24;240292
2021;6;25;239461
2021;6;26;232396
2021;6;27;219342
2021;6;28;223774
2021;6;29;237826
2021;6;30;241754
2021;7;1;239125
2021;7;2;237539
2021;7;3;226623
2021;7;4;216890
2021;7;5;237658
2021;7;6;240782
2021;7;7;235214
2021;7;8;234318
2021;7;9;234234
2021;7;10;227587
2021;7;11;218081
2021;7;12;238843
2021;7;13;239108
2021;7;14;239728
2021;7;15;238225
2021;7;16;222942
2021;7;17;216518
2021;7;18;209480
2021;7;19;230207
2021;7;20;231415
2021;7;21;225225
2021;7;22;225921
2021;7;23;232042
2021;7;24;228825
2021;7;25;217988
2021;7;26;234828
2021;7;27;241094
2021;7;28;233793
2021;7;29;235676
2021;7;30;235524
2021;7;31;219972
2021;8;1;207305
2021;8;2;222527
2021;8;3;230686
2021;8;4;227403
2021;8;5;233985
2021;8;6;237188
2021;8;7;223580
2021;8;8;214846
2021;8;9;237359
2021;8;10;234116
2021;8;11;232641
2021;8;12;239961
2021;8;13;237881
2021;8;14;222834
2021;8;15;216269
2021;8;16;239275
2021;8;17;234508
2021;8;18;234966
2021;8;19;235982
2021;8;20;235376
2021;8;21;221510
2021;8;22;210450
2021;8;23;235466
2021;8;24;233941
2021;8;25;228781
2021;8;26;229932
2021;8;27;230978
2021;8;28;212799
2021;8;29;204320
2021;8;30;226291
2021;8;31;229471
2021;9;1;224303
2021;9;2;220770
2021;9;3;227664
2021;9;4;206513
2021;9;5;198989
2021;9;6;227143
2021;9;7;230055
2021;9;8;225185
2021;9;9;227193
2021;9;10;226080
2021;9;11;219425
2021;9;12;209532
2021;9;13;233408
2021;9;14;233376
2021;9;15;220326
2021;9;16;215273
2021;9;17;202149
2021;9;18;194101
2021;9;19;193913
2021;9;20;223519
2021;9;21;229405
2021;9;22;227124
2021;9;23;223869
2021;9;24;224617
2021;9;25;212822
2021;9;26;201030
2021;9;27;221615
2021;9;28;221601
2021;9;29;216286
2021;9;30;217228
2021;10;1;219124
2021;10;2;209597
2021;10;3;201694
2021;10;4;221581
2021;10;5;223354
2021;10;6;221757
2021;10;7;224942
2021;10;8;224089
2021;10;9;210030
2021;10;10;199197
2021;10;11;204040
2021;10;12;226275
2021;10;13;223803
2021;10;14;222561
2021;10;15;224850
2021;10;16;214864
2021;10;17;202854
2021;10;18;225695
2021;10;19;229638
2021;10;20;230709
2021;10;21;226868
2021;10;22;227590
2021;10;23;215415
2021;10;24;203093
2021;10;25;227857
2021;10;26;228768
2021;10;27;227424
2021;10;28;231711
2021;10;29;234096
2021;10;30;221088
2021;10;31;205255
2021;11;1;206149
2021;11;2;226448
2021;11;3;224342
2021;11;4;222882
2021;11;5;226329
2021;11;6;215749
2021;11;7;204256
2021;11;8;229742
2021;11;9;232868
2021;11;10;226781
2021;11;11;229222
2021;11;12;232445
2021;11;13;217448
2021;11;14;203901
2021;11;15;225981
2021;11;16;230461
2021;11;17;224807
2021;11;18;230164
2021;11;19;230511
2021;11;20;218331
2021;11;21;207101
2021;11;22;235170
2021;11;23;237317
2021;11;24;233621
2021;11;25;232327
2021;11;26;234168
2021;11;27;220052
2021;11;28;208500
2021;11;29;231773
2021;11;30;232350
2021;12;1;229011
2021;12;2;232554
2021;12;3;232310
2021;12;4;221965
2021;12;5;212952
2021;12;6;229398
2021;12;7;232885
2021;12;8;219828
2021;12;9;239912
2021;12;10;237920
2021;12;11;222306
2021;12;12;208165
2021;12;13;232110
2021;12;14;235853
2021;12;15;235171
2021;12;16;238268
2021;12;17;236999
2021;12;18;224807
2021;12;19;214395
2021;12;20;242790
2021;12;21;243661
2021;12;22;241890
2021;12;23;239092
2021;12;24;232281
2021;12;25;207903
2021;12;26;213383
2021;12;27;241563
2021;12;28;245638
2021;12;29;237306
2021;12;30;238970
2021;12;31;227712
2022;1;1;198983
2022;1;2;204395
2022;1;3;232858
2022;1;4;235366
2022;1;5;232350
2022;1;6;234084
2022;1;7;239344
2022;1;8;224519
2022;1;9;206541
2022;1;10;232222
2022;1;11;233010
2022;1;12;234326
2022;1;13;232381
2022;1;14;233670
2022;1;15;219808
2022;1;16;203688
2022;1;17;223374
2022;1;18;226852
2022;1;19;223899
2022;1;20;224620
2022;1;21;228310
2022;1;22;216195
2022;1;23;205072
2022;1;24;231272
2022;1;25;238000
2022;1;26;239811
2022;1;27;247043
2022;1;28;244369
2022;1;29;224111
2022;1;30;209035
2022;1;31;232573
2022;2;1;238021
2022;2;2;235117
2022;2;3;234676
2022;2;4;236732
2022;2;5;223862
2022;2;6;211725
2022;2;7;235205
2022;2;8;239219
2022;2;9;234150
2022;2;10;231337
2022;2;11;228972
2022;2;12;222387
2022;2;13;206890
2022;2;14;226620
2022;2;15;230437
2022;2;16;233613
2022;2;17;238818
2022;2;18;238350
2022;2;19;224535
2022;2;20;210665
2022;2;21;233875
2022;2;22;235836
2022;2;23;230146
2022;2;24;229697
2022;2;25;238037
2022;2;26;224708
2022;2;27;210398
2022;2;28;233904
2022;3;1;235051
2022;3;2;233578
2022;3;3;238403
2022;3;4;239274
2022;3;5;225180
2022;3;6;212679
2022;3;7;233921
2022;3;8;234113
2022;3;9;227043
2022;3;10;229901
2022;3;11;235261
2022;3;12;224166
2022;3;13;211363
2022;3;14;236823
2022;3;15;239664
2022;3;16;233093
2022;3;17;232907
2022;3;18;235591
2022;3;19;222087
2022;3;20;211217
2022;3;21;231306
2022;3;22;235787
2022;3;23;233151
2022;3;24;232470
2022;3;25;235619
2022;3;26;223597
2022;3;27;208721
2022;3;28;232337
2022;3;29;235824
2022;3;30;236239
2022;3;31;235742
2022;4;1;230565
2022;4;2;220298
2022;4;3;207864
2022;4;4;224984
2022;4;5;226996
2022;4;6;224252
2022;4;7;216217
2022;4;8;217197
2022;4;9;207767
2022;4;10;193877
2022;4;11;214392
2022;4;12;219538
2022;4;13;223358
2022;4;14;225350
2022;4;15;208740
2022;4;16;205202
2022;4;17;208020
2022;4;18;229513
2022;4;19;231950
2022;4;20;229482
2022;4;21;231748
2022;4;22;228017
2022;4;23;220350
2022;4;24;206826
2022;4;25;220511
2022;4;26;229177
2022;4;27;231415
2022;4;28;231084
2022;4;29;233477
2022;4;30;221387
2022;5;1;207867
2022;5;2;227437
2022;5;3;224984
2022;5;4;226694
2022;5;5;230743
2022;5;6;225967
2022;5;7;218002
2022;5;8;215576
2022;5;9;229641
2022;5;10;231526
2022;5;11;233831
2022;5;12;237205
2022;5;13;233424
2022;5;14;228019
2022;5;15;216467
2022;5;16;233876
2022;5;17;236030
2022;5;18;236376
2022;5;19;235053
2022;5;20;234305
2022;5;21;218729
2022;5;22;216825
2022;5;23;234539
2022;5;24;233038
2022;5;25;232348
2022;5;26;237226
2022;5;27;242040
2022;5;28;234648
2022;5;29;225094
2022;5;30;249748
2022;5;31;250636
2022;6;1;249419
2022;6;2;243960
2022;6;3;245437
2022;6;4;229532
2022;6;5;219254
2022;6;6;234147
2022;6;7;236175
2022;6;8;237277
2022;6;9;233361
2022;6;10;236816
2022;6;11;226498
2022;6;12;220056
2022;6;13;238377
2022;6;14;242288
2022;6;15;243115
2022;6;16;240895
2022;6;17;247991
2022;6;18;230117
2022;6;19;219339
2022;6;20;238072
2022;6;21;232362
2022;6;22;242795
2022;6;23;241106
2022;6;24;247246
2022;6;25;229773
2022;6;26;218296
2022;6;27;226566
2022;6;28;240452
2022;6;29;242562
2022;6;30;241020
2022;7;1;243372
2022;7;2;229231
2022;7;3;226031
2022;7;4;243064
2022;7;5;242734
2022;7;6;247166
2022;7;7;237375
2022;7;8;229119
2022;7;9;227917
2022;7;10;220474
2022;7;11;235033
2022;7;12;240482
2022;7;13;245218
2022;7;14;245395
2022;7;15;244741
2022;7;16;219760
2022;7;17;223062
2022;7;18;237340
2022;7;19;234311
2022;7;20;235043
2022;7;21;229950
2022;7;22;232978
2022;7;23;219998
2022;7;24;218104
2022;7;25;233534
2022;7;26;237369
2022;7;27;238788
2022;7;28;239614
2022;7;29;233370
2022;7;30;226872
2022;7;31;215690
2022;8;1;235292
2022;8;2;238184
2022;8;3;237062
2022;8;4;232825
2022;8;5;234512
2022;8;6;225842
2022;8;7;216573
2022;8;8;232566
2022;8;9;232527
2022;8;10;231454
2022;8;11;234614
2022;8;12;233649
2022;8;13;221065
2022;8;14;217993
2022;8;15;218221
2022;8;16;242665
2022;8;17;238393
2022;8;18;239079
2022;8;19;231602
2022;8;20;218478
2022;8;21;204678
2022;8;22;230368
2022;8;23;230518
2022;8;24;226989
2022;8;25;223408
2022;8;26;225357
2022;8;27;210990
2022;8;28;200451
2022;8;29;218521
2022;8;30;229523
2022;8;31;232043
2022;9;1;225707
2022;9;2;223826
2022;9;3;210615
2022;9;4;197881
2022;9;5;215773
2022;9;6;222198
2022;9;7;226314
2022;9;8;229676
2022;9;9;221221
2022;9;10;212428
2022;9;11;197258
2022;9;12;216878
2022;9;13;222490
2022;9;14;221355
2022;9;15;220717
2022;9;16;210615
2022;9;17;207889
2022;9;18;198508
2022;9;19;201365
2022;9;20;238052
2022;9;21;235743
2022;9;22;232532
2022;9;23;229900
2022;9;24;226016
2022;9;25;209666
2022;9;26;229333
2022;9;27;228542
2022;9;28;227153
2022;9;29;228798
2022;9;30;225143
2022;10;1;209683
2022;10;2;200314
2022;10;3;226578
2022;10;4;227784
2022;10;5;224299
2022;10;6;223585
2022;10;7;227087
2022;10;8;213234
2022;10;9;201687
2022;10;10;205171
2022;10;11;229473
2022;10;12;228241
2022;10;13;224558
2022;10;14;226275
2022;10;15;214074
2022;10;16;206209
2022;10;17;227991
2022;10;18;224714
2022;10;19;225595
2022;10;20;226274
2022;10;21;223440
2022;10;22;212922
2022;10;23;200799
2022;10;24;224590
2022;10;25;223963
2022;10;26;226823
2022;10;27;226730
2022;10;28;229759
2022;10;29;217670
2022;10;30;205025
2022;10;31;205529
2022;11;1;207234
2022;11;2;225716
2022;11;3;226765
2022;11;4;231349
2022;11;5;216799
2022;11;6;206109
2022;11;7;228262
2022;11;8;228756
2022;11;9;231580
2022;11;10;230252
2022;11;11;230871
2022;11;12;219473
2022;11;13;206781
2022;11;14;226716
2022;11;15;234746
2022;11;16;236259
2022;11;17;235195
2022;11;18;239768
2022;11;19;224190
2022;11;20;207903
2022;11;21;230223
2022;11;22;234444
2022;11;23;233033
2022;11;24;235044
2022;11;25;234640
2022;11;26;227328
2022;11;27;212914
2022;11;28;234796
2022;11;29;237843
2022;11;30;233543
2022;12;1;232582
2022;12;2;235637
2022;12;3;226086
2022;12;4;214872
2022;12;5;239514
2022;12;6;241865
2022;12;7;236614
2022;12;8;227078
2022;12;9;237453
2022;12;10;228915
2022;12;11;217858
2022;12;12;239561
2022;12;13;242866
2022;12;14;240166
2022;12;15;244470
2022;12;16;242228
2022;12;17;226815
2022;12;18;215230
2022;12;19;241177
2022;12;20;241108
2022;12;21;242353
2022;12;22;243327
2022;12;23;244110
2022;12;24;228263
2022;12;25;209412
2022;12;26;237756
2022;12;27;242965
2022;12;28;247351
2022;12;29;244291
2022;12;30;243208
2022;12;31;219468
