2016;1;1;167686.57
2016;1;2;182553.02
2016;1;3;180432.15
2016;1;4;203241.77
2016;1;5;206388.09
2016;1;6;205563.61
2016;1;7;205764.46
2016;1;8;208508.28
2016;1;9;199371.33
2016;1;10;184036.35
2016;1;11;203319.74
2016;1;12;203906.04
2016;1;13;203711.1
2016;1;14;206381.99
2016;1;15;205463.25
2016;1;16;197898.03
2016;1;17;185686.75
2016;1;18;207430.19
2016;1;19;211953.36
2016;1;20;213921.46
2016;1;21;212841.83
2016;1;22;212260.89
2016;1;23;198416.3
2016;1;24;179670.8
2016;1;25;203585.67
2016;1;26;203389.47
2016;1;27;199986.86
2016;1;28;201887.98
2016;1;29;204937.63
2016;1;30;196854.23
2016;1;31;186422.96
2016;2;1;208254.54
2016;2;2;207885.32
2016;2;3;204426.21
2016;2;4;203039.78
2016;2;5;209287.45
2016;2;6;196116.76
2016;2;7;179066.87
2016;2;8;199384.78
2016;2;9;208121.69
2016;2;10;207039.91
2016;2;11;209764.47
2016;2;12;209958.45
2016;2;13;201148.23
2016;2;14;188350.03
2016;2;15;215928.73
2016;2;16;216755.28
2016;2;17;214222.53
2016;2;18;212801.69
2016;2;19;213531.41
2016;2;20;203301.72
2016;2;21;189709.02
2016;2;22;211928.75
2016;2;23;219149.16
2016;2;24;218612.57
2016;2;25;218791.58
2016;2;26;216750.77
2016;2;27;201560.46
2016;2;28;187410.57
2016;2;29;209745.39
2016;3;1;214611.18
2016;3;2;212624.91
2016;3;3;214862.96
2016;3;4;217596.47
2016;3;5;201860.78
2016;3;6;184920.06
2016;3;7;206730.16
2016;3;8;211305.5
2016;3;9;213778.84
2016;3;10;215587.13
2016;3;11;216754.93
2016;3;12;204018.9
2016;3;13;189306.36
2016;3;14;207436.08
2016;3;15;214166.83
2016;3;16;217490.8
2016;3;17;216512.8
2016;3;18;215144.17
2016;3;19;202591.62
2016;3;20;192020.32
2016;3;21;213071.91
2016;3;22;215508.05
2016;3;23;212304.24
2016;3;24;207182.09
2016;3;25;187014.01
2016;3;26;186843.28
2016;3;27;185027.76
2016;3;28;207651.32
2016;3;29;209389.85
2016;3;30;213079.38
2016;3;31;213991.76
2016;4;1;203938.09
2016;4;2;187647.33
2016;4;3;174125.92
2016;4;4;194795.98
2016;4;5;200903.81
2016;4;6;201298.91
2016;4;7;196067.95
2016;4;8;197326.62
2016;4;9;188532.05
2016;4;10;181576.21
2016;4;11;200991.04
2016;4;12;203976.34
2016;4;13;202677.56
2016;4;14;203593.85
2016;4;15;206818.03
2016;4;16;188777.64
2016;4;17;179689.47
2016;4;18;195230.02
2016;4;19;197569.11
2016;4;20;196130.39
2016;4;21;193374.55
2016;4;22;200504.95
2016;4;23;191742.13
2016;4;24;182749.09
2016;4;25;200087.67
2016;4;26;202667.09
2016;4;27;204035.18
2016;4;28;203706.11
2016;4;29;203875.49
2016;4;30;193763.46
2016;5;1;181365.75
2016;5;2;199462.6
2016;5;3;203434.02
2016;5;4;204333.9
2016;5;5;205354.23
2016;5;6;204552.05
2016;5;7;195916.57
2016;5;8;182811.62
2016;5;9;203047.26
2016;5;10;206996.9
2016;5;11;209755.96
2016;5;12;207788.12
2016;5;13;205389.66
2016;5;14;195078.93
2016;5;15;182927.89
2016;5;16;198203.43
2016;5;17;199415.79
2016;5;18;202470.24
2016;5;19;202312.4
2016;5;20;204425.63
2016;5;21;190962.59
2016;5;22;186999.35
2016;5;23;205396.01
2016;5;24;207575.14
2016;5;25;201257.62
2016;5;26;201545.4
2016;5;27;205319.82
2016;5;28;200655.2
2016;5;29;193681.54
2016;5;30;207650.67
2016;5;31;209636.13
2016;6;1;207929.26
2016;6;2;212110.05
2016;6;3;213263.14
2016;6;4;194542.26
2016;6;5;191330.49
2016;6;6;208059.38
2016;6;7;207878.72
2016;6;8;204717.17
2016;6;9;210371.19
2016;6;10;211448.56
2016;6;11;201582.81
2016;6;12;194589.63
2016;6;13;211328.54
2016;6;14;213645.73
2016;6;15;213642.14
2016;6;16;211236.73
2016;6;17;211313.09
2016;6;18;199158.74
2016;6;19;190835.75
2016;6;20;212250
2016;6;21;213164.81
2016;6;22;211859.38
2016;6;23;210088.98
2016;6;24;212734.49
2016;6;25;197460.13
2016;6;26;187223.13
2016;6;27;192195.98
2016;6;28;211161.85
2016;6;29;216438.38
2016;6;30;216144.03
2016;7;1;212167.2
2016;7;2;202259.01
2016;7;3;190902.94
2016;7;4;207395.1
2016;7;5;207810.68
2016;7;6;206299.36
2016;7;7;204314.62
2016;7;8;204431.69
2016;7;9;195903.1
2016;7;10;189399.35
2016;7;11;205869.73
2016;7;12;209231.35
2016;7;13;206935.65
2016;7;14;202932.93
2016;7;15;207204.9
2016;7;16;188440.95
2016;7;17;188690.56
2016;7;18;208480.34
2016;7;19;210295.14
2016;7;20;205695.83
2016;7;21;203939.49
2016;7;22;201332.27
2016;7;23;195117.21
2016;7;24;184735.71
2016;7;25;205126.93
2016;7;26;207103.14
2016;7;27;205993.14
2016;7;28;207244.1
2016;7;29;203304.48
2016;7;30;194381.85
2016;7;31;181744.84
2016;8;1;205717.47
2016;8;2;202413.86
2016;8;3;195921.77
2016;8;4;195923.99
2016;8;5;201921.22
2016;8;6;195744.52
2016;8;7;186076.75
2016;8;8;205305.54
2016;8;9;203828.06
2016;8;10;204439.15
2016;8;11;204926.98
2016;8;12;205562
2016;8;13;194227.17
2016;8;14;182091.13
2016;8;15;184391.53
2016;8;16;197158.58
2016;8;17;197455.46
2016;8;18;199657.51
2016;8;19;205696.4
2016;8;20;195559.77
2016;8;21;183644.94
2016;8;22;202366.28
2016;8;23;207553.91
2016;8;24;206164.13
2016;8;25;205368.24
2016;8;26;206339.11
2016;8;27;198299.71
2016;8;28;184704.98
2016;8;29;202264.98
2016;8;30;202633.46
2016;8;31;203462.67
2016;9;1;202027.8
2016;9;2;203210.51
2016;9;3;192725.79
2016;9;4;178298.02
2016;9;5;200008.11
2016;9;6;203881.83
2016;9;7;201403.95
2016;9;8;201674.58
2016;9;9;200172.73
2016;9;10;190744.53
2016;9;11;181564.28
2016;9;12;201171.42
2016;9;13;203602.11
2016;9;14;202910.03
2016;9;15;201207.73
2016;9;16;197245.26
2016;9;17;185996.34
2016;9;18;168759.21
2016;9;19;169676.57
2016;9;20;192344.71
2016;9;21;202304.9
2016;9;22;200385.18
2016;9;23;201824.11
2016;9;24;192014.95
2016;9;25;180282.94
2016;9;26;199981.19
2016;9;27;201513.81
2016;9;28;201231.33
2016;9;29;199558.42
2016;9;30;198454.5
2016;10;1;188901.42
2016;10;2;179813.25
2016;10;3;200639.39
2016;10;4;201143.78
2016;10;5;198098.06
2016;10;6;198743.2
2016;10;7;201649.37
2016;10;8;190177.72
2016;10;9;174932.92
2016;10;10;181421.39
2016;10;11;203770.94
2016;10;12;202612.04
2016;10;13;203926.07
2016;10;14;204199.37
2016;10;15;191228.09
2016;10;16;178744.65
2016;10;17;195477.29
2016;10;18;194680.95
2016;10;19;194977.9
2016;10;20;194260.51
2016;10;21;192281.79
2016;10;22;181336.76
2016;10;23;169021.99
2016;10;24;190855.3
2016;10;25;194894.47
2016;10;26;198884.47
2016;10;27;203489.74
2016;10;28;200338.28
2016;10;29;189511.22
2016;10;30;178488.52
2016;10;31;180289.44
2016;11;1;178048.72
2016;11;2;200000.46
2016;11;3;204551.77
2016;11;4;209351.26
2016;11;5;197662.41
2016;11;6;183306.84
2016;11;7;207658.35
2016;11;8;207917.33
2016;11;9;202135.88
2016;11;10;207507.37
2016;11;11;208056.42
2016;11;12;194832.52
2016;11;13;177350.92
2016;11;14;202066.2
2016;11;15;206975.49
2016;11;16;205962.51
2016;11;17;206036.21
2016;11;18;210016.28
2016;11;19;198873.43
2016;11;20;184150.71
2016;11;21;204254.39
2016;11;22;205016.4
2016;11;23;202050.93
2016;11;24;203996.61
2016;11;25;207143.24
2016;11;26;193685.73
2016;11;27;178843.21
2016;11;28;201390.2
2016;11;29;206965.26
2016;11;30;204684
2016;12;1;202729.03
2016;12;2;208645.63
2016;12;3;198784.2
2016;12;4;184063.24
2016;12;5;205160.41
2016;12;6;206722.99
2016;12;7;199672.13
2016;12;8;191630.81
2016;12;9;200200.52
2016;12;10;192421.36
2016;12;11;183774.33
2016;12;12;210428.38
2016;12;13;215292.44
2016;12;14;215282.68
2016;12;15;213388.15
2016;12;16;208852.67
2016;12;17;199196.25
2016;12;18;188968.32
2016;12;19;212863.45
2016;12;20;212038
2016;12;21;208477.98
2016;12;22;211641.56
2016;12;23;213772.97
2016;12;24;198816.51
2016;12;25;177451.09
2016;12;26;200329.79
2016;12;27;209674.97
2016;12;28;212405.19
2016;12;29;209767.2
2016;12;30;206932.55
2016;12;31;190294.48
2017;1;1;169178.27
2017;1;2;182241.46
2017;1;3;206111.87
2017;1;4;208297.84
2017;1;5;210943.57
2017;1;6;210620.76
2017;1;7;197756.81
2017;1;8;184844.84
2017;1;9;202368.52
2017;1;10;207116.25
2017;1;11;210703.2
2017;1;12;210789.07
2017;1;13;211158.28
2017;1;14;199329.31
2017;1;15;183335.73
2017;1;16;206506.48
2017;1;17;208898.83
2017;1;18;208130.28
2017;1;19;209987.12
2017;1;20;215293.02
2017;1;21;199801.68
2017;1;22;184807.17
2017;1;23;208098.67
2017;1;24;217036.73
2017;1;25;217137.73
2017;1;26;216969.44
2017;1;27;217362.12
2017;1;28;206410.93
2017;1;29;193359.99
2017;1;30;214371.27
2017;1;31;218514.42
2017;2;1;214400.31
2017;2;2;213839.28
2017;2;3;213331.27
2017;2;4;197366.03
2017;2;5;189144.73
2017;2;6;209154.58
2017;2;7;209592.78
2017;2;8;203823.86
2017;2;9;205680.71
2017;2;10;205423.2
2017;2;11;193787.95
2017;2;12;178104.21
2017;2;13;201596.71
2017;2;14;204734.5
2017;2;15;201888.72
2017;2;16;205957.9
2017;2;17;204852.73
2017;2;18;191625.34
2017;2;19;180324.89
2017;2;20;203790.75
2017;2;21;215028.29
2017;2;22;217330.92
2017;2;23;214219.64
2017;2;24;217137.96
2017;2;25;202568.2
2017;2;26;187600.15
2017;2;27;210313.02
2017;2;28;215375
2017;3;1;209843.21
2017;3;2;208510.02
2017;3;3;207093.07
2017;3;4;185692.47
2017;3;5;174240.09
2017;3;6;197124.12
2017;3;7;202107.14
2017;3;8;199420.11
2017;3;9;200755.26
2017;3;10;201102.96
2017;3;11;189568.45
2017;3;12;177839.17
2017;3;13;201215.62
2017;3;14;205179.79
2017;3;15;202944.21
2017;3;16;202126.77
2017;3;17;205129.32
2017;3;18;193858.08
2017;3;19;179732.01
2017;3;20;200576.07
2017;3;21;203930.1
2017;3;22;204048.34
2017;3;23;205454.75
2017;3;24;205393.11
2017;3;25;193381.44
2017;3;26;178964.93
2017;3;27;201805.92
2017;3;28;205957.52
2017;3;29;202584.39
2017;3;30;200288.92
2017;3;31;200325.02
2017;4;1;186206.56
2017;4;2;176402.03
2017;4;3;197323.84
2017;4;4;194724.56
2017;4;5;192291.02
2017;4;6;194671.76
2017;4;7;198044.13
2017;4;8;189468.31
2017;4;9;178700.17
2017;4;10;196818.05
2017;4;11;199310.49
2017;4;12;196802.63
2017;4;13;192852.38
2017;4;14;176275.24
2017;4;15;178279.35
2017;4;16;180143.56
2017;4;17;202463.19
2017;4;18;201726.96
2017;4;19;177925.78
2017;4;20;200235.49
2017;4;21;203716.48
2017;4;22;196632.53
2017;4;23;182346.47
2017;4;24;201899.74
2017;4;25;205143.03
2017;4;26;203509.79
2017;4;27;207040.73
2017;4;28;207694.2
2017;4;29;197660.45
2017;4;30;182086.03
2017;5;1;179886.8
2017;5;2;203402.18
2017;5;3;207865.15
2017;5;4;209290.35
2017;5;5;208904.62
2017;5;6;201109.84
2017;5;7;189670.8
2017;5;8;199860.79
2017;5;9;205847.79
2017;5;10;208037.38
2017;5;11;210538.59
2017;5;12;205929.87
2017;5;13;191570.67
2017;5;14;180736.65
2017;5;15;201645.33
2017;5;16;206787.66
2017;5;17;207310.23
2017;5;18;210831.67
2017;5;19;210340.66
2017;5;20;201644.29
2017;5;21;189896.66
2017;5;22;206812.73
2017;5;23;209648.58
2017;5;24;210731.56
2017;5;25;212032.3
2017;5;26;208062.8
2017;5;27;194968.87
2017;5;28;186608.54
2017;5;29;207985.04
2017;5;30;209719.42
2017;5;31;209014.37
2017;6;1;206879.11
2017;6;2;212514.96
2017;6;3;201994.21
2017;6;4;192362.11
2017;6;5;212512.07
2017;6;6;212048.56
2017;6;7;207844.41
2017;6;8;201215.54
2017;6;9;203827.5
2017;6;10;194319.99
2017;6;11;186262.04
2017;6;12;209315.87
2017;6;13;212572.21
2017;6;14;211367.67
2017;6;15;213600.22
2017;6;16;211458.72
2017;6;17;197443.11
2017;6;18;194513.41
2017;6;19;218163.48
2017;6;20;219148.94
2017;6;21;216761.74
2017;6;22;217098.39
2017;6;23;213072.01
2017;6;24;205189.58
2017;6;25;193865.41
2017;6;26;195737.75
2017;6;27;211074.18
2017;6;28;213213.7
2017;6;29;214523.89
2017;6;30;213805.15
2017;7;1;197978.31
2017;7;2;186802.71
2017;7;3;208862.37
2017;7;4;215068.23
2017;7;5;218756.61
2017;7;6;214755.33
2017;7;7;214102.73
2017;7;8;204905.01
2017;7;9;192466.84
2017;7;10;212489.69
2017;7;11;213862.45
2017;7;12;210689.94
2017;7;13;212047.64
2017;7;14;215556.39
2017;7;15;201510.53
2017;7;16;194522.85
2017;7;17;216165
2017;7;18;214894.53
2017;7;19;208441.31
2017;7;20;205929.97
2017;7;21;207685.62
2017;7;22;203350.25
2017;7;23;190760.86
2017;7;24;206983.21
2017;7;25;210160.65
2017;7;26;208715.94
2017;7;27;205802.41
2017;7;28;208556.08
2017;7;29;200997.78
2017;7;30;191974.19
2017;7;31;212185.24
2017;8;1;217736.96
2017;8;2;212147.14
2017;8;3;208144.19
2017;8;4;213108.24
2017;8;5;205322.89
2017;8;6;190874.85
2017;8;7;214612.56
2017;8;8;209492.73
2017;8;9;214500.78
2017;8;10;219239.44
2017;8;11;221419.75
2017;8;12;207299.74
2017;8;13;193697.96
2017;8;14;205040.61
2017;8;15;193517.51
2017;8;16;205901.5
2017;8;17;208107.64
2017;8;18;214771.27
2017;8;19;203088.12
2017;8;20;190987.65
2017;8;21;210318.82
2017;8;22;212113.88
2017;8;23;209016.44
2017;8;24;210536.96
2017;8;25;213314.22
2017;8;26;203204.83
2017;8;27;190370.07
2017;8;28;215523.01
2017;8;29;215512.18
2017;8;30;215260.37
2017;8;31;209858.89
2017;9;1;209721.45
2017;9;2;194247.33
2017;9;3;186723.72
2017;9;4;204395.71
2017;9;5;206960.6
2017;9;6;206414.18
2017;9;7;206065.96
2017;9;8;208897.06
2017;9;9;199101.18
2017;9;10;191375.95
2017;9;11;213283.44
2017;9;12;209094.06
2017;9;13;207364.46
2017;9;14;209898.36
2017;9;15;204400.37
2017;9;16;190704.25
2017;9;17;181012.94
2017;9;18;176403.81
2017;9;19;179557.35
2017;9;20;199479.05
2017;9;21;207006.07
2017;9;22;204863.37
2017;9;23;195641.97
2017;9;24;187191.08
2017;9;25;205167.1
2017;9;26;204925.66
2017;9;27;202515.15
2017;9;28;203513.3
2017;9;29;203885.19
2017;9;30;196247.55
2017;10;1;183276.94
2017;10;2;206089.57
2017;10;3;205232.95
2017;10;4;203953.77
2017;10;5;203443.83
2017;10;6;207493.73
2017;10;7;198922.62
2017;10;8;183607.29
2017;10;9;185761.91
2017;10;10;206974.07
2017;10;11;204200.17
2017;10;12;202359.08
2017;10;13;204761.9
2017;10;14;196045.08
2017;10;15;182977.21
2017;10;16;202802.73
2017;10;17;206691.83
2017;10;18;203806.85
2017;10;19;207061.65
2017;10;20;208467.56
2017;10;21;197537.26
2017;10;22;184659.24
2017;10;23;209908.1
2017;10;24;211278.45
2017;10;25;207112.95
2017;10;26;206320.41
2017;10;27;190843.76
2017;10;28;191175.11
2017;10;29;181686.75
2017;10;30;207204.96
2017;10;31;208995.28
2017;11;1;189872.64
2017;11;2;207423.85
2017;11;3;207758.19
2017;11;4;198057.39
2017;11;5;184814.81
2017;11;6;208087.1
2017;11;7;208332.98
2017;11;8;204506.39
2017;11;9;206871.9
2017;11;10;208413.9
2017;11;11;199571.38
2017;11;12;188732.74
2017;11;13;213351.19
2017;11;14;214652.12
2017;11;15;210241.93
2017;11;16;212516.36
2017;11;17;211381.65
2017;11;18;199392
2017;11;19;185362.27
2017;11;20;209926.8
2017;11;21;213818.96
2017;11;22;215374.36
2017;11;23;216390.12
2017;11;24;216210.33
2017;11;25;192505.85
2017;11;26;190929.32
2017;11;27;214547.91
2017;11;28;217660.97
2017;11;29;212944.62
2017;11;30;213844.25
2017;12;1;215326.59
2017;12;2;204857.57
2017;12;3;195588.57
2017;12;4;217749.89
2017;12;5;220388.65
2017;12;6;210558.19
2017;12;7;210561.41
2017;12;8;192825.89
2017;12;9;194564.93
2017;12;10;187923.56
2017;12;11;211539.02
2017;12;12;213495.46
2017;12;13;207919.75
2017;12;14;218754.42
2017;12;15;225461.38
2017;12;16;211012.68
2017;12;17;193270.4
2017;12;18;220349.39
2017;12;19;226055.57
2017;12;20;224052.14
2017;12;21;224428.86
2017;12;22;223583.89
2017;12;23;211168.46
2017;12;24;197451.92
2017;12;25;181791.31
2017;12;26;217521.68
2017;12;27;222671.16
2017;12;28;227061.27
2017;12;29;225929.99
2017;12;30;211904.33
2017;12;31;197011.97
2018;1;1;182938
2018;1;2;214354.4
2018;1;3;222093.89
2018;1;4;221873.4
2018;1;5;222961.29
2018;1;6;212620.61
2018;1;7;199623.27
2018;1;8;217966.48
2018;1;9;219343.48
2018;1;10;216985.58
2018;1;11;216497.67
2018;1;12;217414.45
2018;1;13;203868.52
2018;1;14;195569.77
2018;1;15;213998.77
2018;1;16;211551.54
2018;1;17;218692.49
2018;1;18;218815.13
2018;1;19;214971.75
2018;1;20;209640.86
2018;1;21;192627.59
2018;1;22;218427.15
2018;1;23;222700.94
2018;1;24;197249.02
2018;1;25;221278.12
2018;1;26;222458.3
2018;1;27;210772.49
2018;1;28;196529.06
2018;1;29;221458.47
2018;1;30;223753.3
2018;1;31;199082.9
2018;2;1;201490.57
2018;2;2;223525.33
2018;2;3;208733.02
2018;2;4;193940.98
2018;2;5;218929.68
2018;2;6;220973.76
2018;2;7;219654.07
2018;2;8;220265.97
2018;2;9;217997.04
2018;2;10;209334.07
2018;2;11;195439.12
2018;2;12;219542.51
2018;2;13;224137.55
2018;2;14;218760.47
2018;2;15;217321.11
2018;2;16;219279.73
2018;2;17;210442.86
2018;2;18;196682.73
2018;2;19;218833.2
2018;2;20;224824.9
2018;2;21;226194.79
2018;2;22;227355.15
2018;2;23;227671.75
2018;2;24;210781.78
2018;2;25;195011.6
2018;2;26;220884.38
2018;2;27;224881.77
2018;2;28;223124.27
2018;3;1;217723.49
2018;3;2;220081.98
2018;3;3;206234.12
2018;3;4;189826.9
2018;3;5;217755.33
2018;3;6;221586.05
2018;3;7;216064
2018;3;8;214759.97
2018;3;9;216203.95
2018;3;10;205216.68
2018;3;11;191750.73
2018;3;12;215452.56
2018;3;13;218360.53
2018;3;14;212503.49
2018;3;15;216713.44
2018;3;16;217679.73
2018;3;17;204957.83
2018;3;18;190701.08
2018;3;19;213544.49
2018;3;20;219720.16
2018;3;21;216373.34
2018;3;22;218400.87
2018;3;23;220051.69
2018;3;24;209106.42
2018;3;25;196179.78
2018;3;26;218187.55
2018;3;27;222730.4
2018;3;28;223806.21
2018;3;29;220214.51
2018;3;30;192717.83
2018;3;31;188636.43
2018;4;1;183559.91
2018;4;2;204320.43
2018;4;3;208503.48
2018;4;4;209129.51
2018;4;5;207794.14
2018;4;6;206539.02
2018;4;7;200121.44
2018;4;8;188087.26
2018;4;9;207879.41
2018;4;10;208904.33
2018;4;11;206427.27
2018;4;12;205469.06
2018;4;13;208748.94
2018;4;14;197951.66
2018;4;15;187367.28
2018;4;16;207278.96
2018;4;17;210093.62
2018;4;18;210045.86
2018;4;19;211230.44
2018;4;20;214198.79
2018;4;21;203672.37
2018;4;22;191042.39
2018;4;23;208911.93
2018;4;24;211317.35
2018;4;25;209861.54
2018;4;26;211576.51
2018;4;27;213609.89
2018;4;28;206885.74
2018;4;29;190313.4
2018;4;30;204897.11
2018;5;1;189628.4
2018;5;2;210385.71
2018;5;3;213883.91
2018;5;4;214749.32
2018;5;5;202824.59
2018;5;6;191641.24
2018;5;7;211072.03
2018;5;8;212438.18
2018;5;9;212194.72
2018;5;10;212878.4
2018;5;11;210996.68
2018;5;12;203680.46
2018;5;13;193490.07
2018;5;14;213370.75
2018;5;15;216570.53
2018;5;16;213338
2018;5;17;214736.22
2018;5;18;215615.17
2018;5;19;205551.87
2018;5;20;192587.5
2018;5;21;196081.94
2018;5;22;215152.89
2018;5;23;214420.49
2018;5;24;216117.47
2018;5;25;218450.37
2018;5;26;212278.17
2018;5;27;199048.69
2018;5;28;219507.85
2018;5;29;220940.07
2018;5;30;217851.5
2018;5;31;219162.32
2018;6;1;221508.91
2018;6;2;213468.51
2018;6;3;202212.43
2018;6;4;226442.11
2018;6;5;229106.04
2018;6;6;220911.59
2018;6;7;221078.62
2018;6;8;219687.13
2018;6;9;210345.91
2018;6;10;202625.01
2018;6;11;223744.16
2018;6;12;225951.37
2018;6;13;224631.36
2018;6;14;220185.39
2018;6;15;219541.87
2018;6;16;205359.88
2018;6;17;192856.57
2018;6;18;212596.82
2018;6;19;219223.28
2018;6;20;221500.2
2018;6;21;222506
2018;6;22;224137.17
2018;6;23;218462.69
2018;6;24;206359.93
2018;6;25;228179.72
2018;6;26;230765.41
2018;6;27;221796.3
2018;6;28;225924.6
2018;6;29;222994.74
2018;6;30;214125.92
2018;7;1;201881.79
2018;7;2;202950.73
2018;7;3;222663.01
2018;7;4;225092.99
2018;7;5;226437.29
2018;7;6;222259.86
2018;7;7;209779.47
2018;7;8;196171.55
2018;7;9;217124.18
2018;7;10;224958.64
2018;7;11;219236.18
2018;7;12;220081.5
2018;7;13;217245.66
2018;7;14;207221.02
2018;7;15;197616.73
2018;7;16;197865.62
2018;7;17;221306.45
2018;7;18;223701.26
2018;7;19;222416.15
2018;7;20;219658.47
2018;7;21;213177.28
2018;7;22;198286.37
2018;7;23;222777.19
2018;7;24;223601.69
2018;7;25;223542.36
2018;7;26;223589.02
2018;7;27;229991.39
2018;7;28;214833.38
2018;7;29;201421.57
2018;7;30;219518.88
2018;7;31;223580.2
2018;8;1;223801.7
2018;8;2;217016.67
2018;8;3;221370.2
2018;8;4;211411.48
2018;8;5;197797.08
2018;8;6;222726.32
2018;8;7;220917.66
2018;8;8;214820.67
2018;8;9;216817.98
2018;8;10;216607.16
2018;8;11;207049.75
2018;8;12;193894.05
2018;8;13;215961.03
2018;8;14;216892.69
2018;8;15;192019.81
2018;8;16;210738.18
2018;8;17;211535.74
2018;8;18;201051.86
2018;8;19;190399.69
2018;8;20;211760.7
2018;8;21;214890.33
2018;8;22;220523.6
2018;8;23;220286.55
2018;8;24;217635.46
2018;8;25;203565.79
2018;8;26;190781.08
2018;8;27;213052.74
2018;8;28;214606.85
2018;8;29;214761.75
2018;8;30;215302.03
2018;8;31;216674.79
2018;9;1;202700.13
2018;9;2;189093.85
2018;9;3;206305.65
2018;9;4;207087
2018;9;5;206437.38
2018;9;6;208569.58
2018;9;7;209045.81
2018;9;8;201197.82
2018;9;9;189883.44
2018;9;10;208981.24
2018;9;11;206499.2
2018;9;12;204203.29
2018;9;13;207603.64
2018;9;14;208404.13
2018;9;15;202404.71
2018;9;16;188961.04
2018;9;17;190260.79
2018;9;18;185563.53
2018;9;19;186880.35
2018;9;20;208866.06
2018;9;21;207176.51
2018;9;22;200819.23
2018;9;23;187548.88
2018;9;24;207678.32
2018;9;25;210969.09
2018;9;26;211171.54
2018;9;27;212852.83
2018;9;28;213597.22
2018;9;29;205310.73
2018;9;30;194632.28
2018;10;1;211019.34
2018;10;2;211800.1
2018;10;3;207962.78
2018;10;4;208901.66
2018;10;5;207126.44
2018;10;6;195569.06
2018;10;7;193222.82
2018;10;8;211052.86
2018;10;9;219811.27
2018;10;10;210856.22
2018;10;11;210350.78
2018;10;12;212971.28
2018;10;13;200381.38
2018;10;14;184518.9
2018;10;15;194081.2
2018;10;16;212713.53
2018;10;17;211443.02
2018;10;18;204907.28
2018;10;19;210341.82
2018;10;20;199306.89
2018;10;21;191419.54
2018;10;22;207370.14
2018;10;23;211297.95
2018;10;24;210074.93
2018;10;25;210578.83
2018;10;26;211828.14
2018;10;27;204719.43
2018;10;28;191490.81
2018;10;29;212832.08
2018;10;30;191277.77
2018;10;31;211780.9
2018;11;1;193824.42
2018;11;2;191144.15
2018;11;3;191260.72
2018;11;4;186065.85
2018;11;5;206924.47
2018;11;6;212783.16
2018;11;7;209052.62
2018;11;8;213730.09
2018;11;9;216419.19
2018;11;10;202630.84
2018;11;11;185264.23
2018;11;12;209303.42
2018;11;13;211777.96
2018;11;14;214181.39
2018;11;15;214074.43
2018;11;16;215002.71
2018;11;17;204211.14
2018;11;18;194118.82
2018;11;19;219588
2018;11;20;222969.25
2018;11;21;222893.49
2018;11;22;221511.49
2018;11;23;223800.52
2018;11;24;210503.48
2018;11;25;195185.69
2018;11;26;218910.27
2018;11;27;222487.02
2018;11;28;222823.75
2018;11;29;223170.52
2018;11;30;223066.97
2018;12;1;209807.4
2018;12;2;192609.54
2018;12;3;216968.06
2018;12;4;218015.2
2018;12;5;216120.01
2018;12;6;221776.33
2018;12;7;220024.28
2018;12;8;195428.95
2018;12;9;187947.29
2018;12;10;216192.61
2018;12;11;223184.93
2018;12;12;218187.41
2018;12;13;212841.71
2018;12;14;209878.05
2018;12;15;199340.07
2018;12;16;187374.5
2018;12;17;216775.56
2018;12;18;223540.82
2018;12;19;218101.52
2018;12;20;218546.49
2018;12;21;223482.97
2018;12;22;212795.68
2018;12;23;199473.79
2018;12;24;206668.4
2018;12;25;184978.87
2018;12;26;216809.18
2018;12;27;220433.81
2018;12;28;221607.44
2018;12;29;210904.09
2018;12;30;198202.13
2018;12;31;206618.14
2019;1;1;181411.81
2019;1;2;207972.45
2019;1;3;214027.54
2019;1;4;218009.51
2019;1;5;209691.49
2019;1;6;193653.9
2019;1;7;214870
2019;1;8;213242.84
2019;1;9;206815.17
2019;1;10;210848.69
2019;1;11;214195.03
2019;1;12;201232.33
2019;1;13;187647.3
2019;1;14;206544.18
2019;1;15;213641.83
2019;1;16;216522.76
2019;1;17;217710.29
2019;1;18;221306.49
2019;1;19;208566.35
2019;1;20;192191.35
2019;1;21;219130.21
2019;1;22;219677.25
2019;1;23;219875.76
2019;1;24;222506.36
2019;1;25;225662.07
2019;1;26;214703.78
2019;1;27;199958.14
2019;1;28;225356.37
2019;1;29;226003.82
2019;1;30;224138.96
2019;1;31;226465.21
2019;2;1;225392.13
2019;2;2;207703.5
2019;2;3;192398.6
2019;2;4;217279.24
2019;2;5;224600.08
2019;2;6;224294.95
2019;2;7;220271.89
2019;2;8;218303.25
2019;2;9;204812.48
2019;2;10;190612.28
2019;2;11;210429.34
2019;2;12;215747.59
2019;2;13;210774.1
2019;2;14;216558.64
2019;2;15;223386.05
2019;2;16;209110.11
2019;2;17;197173.4
2019;2;18;221583.07
2019;2;19;226542.76
2019;2;20;221701.69
2019;2;21;218379.44
2019;2;22;221722.57
2019;2;23;211323.4
2019;2;24;195025.91
2019;2;25;217123.83
2019;2;26;223118.5
2019;2;27;224350.89
2019;2;28;225058.1
2019;3;1;225933.99
2019;3;2;212354.5
2019;3;3;196981.35
2019;3;4;220232.45
2019;3;5;225276.34
2019;3;6;223962.36
2019;3;7;222084.9
2019;3;8;224825.28
2019;3;9;211732.81
2019;3;10;196417.49
2019;3;11;221010.18
2019;3;12;225792.85
2019;3;13;222472.88
2019;3;14;219744.66
2019;3;15;217629.93
2019;3;16;204848.95
2019;3;17;193433.81
2019;3;18;216904.74
2019;3;19;217702.3
2019;3;20;218818.31
2019;3;21;219183.44
2019;3;22;218900.57
2019;3;23;208384.11
2019;3;24;194678.42
2019;3;25;218024.54
2019;3;26;221444.49
2019;3;27;217179.55
2019;3;28;212077.64
2019;3;29;212842.96
2019;3;30;205259.82
2019;3;31;193758.35
2019;4;1;206359.1
2019;4;2;209410.11
2019;4;3;207720.13
2019;4;4;203076.2
2019;4;5;206480.39
2019;4;6;201677.9
2019;4;7;189631.49
2019;4;8;207950.32
2019;4;9;210831.02
2019;4;10;205678.71
2019;4;11;204273.33
2019;4;12;211549.32
2019;4;13;208029.08
2019;4;14;192999.79
2019;4;15;211570.73
2019;4;16;212026.24
2019;4;17;211603.21
2019;4;18;212656.57
2019;4;19;192539.23
2019;4;20;190188.5
2019;4;21;190747.72
2019;4;22;209888.1
2019;4;23;213956.25
2019;4;24;213956.85
2019;4;25;212423.47
2019;4;26;214765.73
2019;4;27;207927.6
2019;4;28;195293.53
2019;4;29;215317.23
2019;4;30;216270.68
2019;5;1;191640.05
2019;5;2;211002.8
2019;5;3;216604.44
2019;5;4;209892.88
2019;5;5;196052.89
2019;5;6;213802.18
2019;5;7;217375.68
2019;5;8;216302.98
2019;5;9;215180.78
2019;5;10;214847.19
2019;5;11;208230.02
2019;5;12;195314.48
2019;5;13;212690.48
2019;5;14;215490.65
2019;5;15;214384.65
2019;5;16;215745.5
2019;5;17;213736.69
2019;5;18;205212.64
2019;5;19;197691.97
2019;5;20;216695.93
2019;5;21;206947.63
2019;5;22;223746.81
2019;5;23;224620.07
2019;5;24;225358.07
2019;5;25;213630.23
2019;5;26;200512.18
2019;5;27;220264.11
2019;5;28;222237.61
2019;5;29;220968.77
2019;5;30;214848.94
2019;5;31;214450.27
2019;6;1;206459.58
2019;6;2;194981.14
2019;6;3;209103.31
2019;6;4;215543.09
2019;6;5;211619.07
2019;6;6;216420.16
2019;6;7;219291.43
2019;6;8;212237.55
2019;6;9;201014.43
2019;6;10;218026.73
2019;6;11;225798.07
2019;6;12;223781.3
2019;6;13;224218.7
2019;6;14;225649.51
2019;6;15;214476.14
2019;6;16;199694.02
2019;6;17;225901.87
2019;6;18;221003.29
2019;6;19;220340.06
2019;6;20;220445.96
2019;6;21;221863.29
2019;6;22;211446.11
2019;6;23;202845.3
2019;6;24;227851.02
2019;6;25;229027.99
2019;6;26;229002.5
2019;6;27;230574.86
2019;6;28;225158.33
2019;6;29;206695.65
2019;6;30;204440.91
2019;7;1;225520.45
2019;7;2;226879.08
2019;7;3;223613.5
2019;7;4;223222.21
2019;7;5;224971.64
2019;7;6;215082.29
2019;7;7;202951.99
2019;7;8;223587.49
2019;7;9;221817.88
2019;7;10;225034.76
2019;7;11;226429.97
2019;7;12;227404.74
2019;7;13;216520.91
2019;7;14;202362.65
2019;7;15;218778.61
2019;7;16;205738.82
2019;7;17;221859.58
2019;7;18;219874.86
2019;7;19;223270.48
2019;7;20;212738.69
2019;7;21;205983.19
2019;7;22;227152.05
2019;7;23;229618.13
2019;7;24;226743.68
2019;7;25;226704.08
2019;7;26;226342.17
2019;7;27;214303.75
2019;7;28;202599.08
2019;7;29;219261.03
2019;7;30;218516.68
2019;7;31;220122.28
2019;8;1;222413.57
2019;8;2;218804.28
2019;8;3;208250.79
2019;8;4;195537.5
2019;8;5;216476.01
2019;8;6;220306.92
2019;8;7;218249.46
2019;8;8;221918.18
2019;8;9;224692.59
2019;8;10;217861.34
2019;8;11;200911.63
2019;8;12;220585.37
2019;8;13;219678.21
2019;8;14;214952.39
2019;8;15;201061.79
2019;8;16;216224.6
2019;8;17;210256.56
2019;8;18;200576.13
2019;8;19;223214.76
2019;8;20;217023.36
2019;8;21;215899
2019;8;22;215928.91
2019;8;23;211142.14
2019;8;24;204378.28
2019;8;25;195419.29
2019;8;26;211722.28
2019;8;27;213832.9
2019;8;28;211124.92
2019;8;29;213472.09
2019;8;30;214747.07
2019;8;31;204636.86
2019;9;1;192239.95
2019;9;2;209933.5
2019;9;3;208039.56
2019;9;4;205386.14
2019;9;5;209476.47
2019;9;6;212620.77
2019;9;7;205366.95
2019;9;8;190578.23
2019;9;9;210612.99
2019;9;10;212513.09
2019;9;11;208421.2
2019;9;12;207951.91
2019;9;13;210746.55
2019;9;14;207202.42
2019;9;15;197164.56
2019;9;16;211194.42
2019;9;17;206408.53
2019;9;18;186552.5
2019;9;19;185000.13
2019;9;20;189152.39
2019;9;21;194156.49
2019;9;22;190672.88
2019;9;23;209169.59
2019;9;24;209601.51
2019;9;25;207016.66
2019;9;26;211787.14
2019;9;27;216684.88
2019;9;28;204628.45
2019;9;29;194005.89
2019;9;30;216623.61
2019;10;1;224490.2
2019;10;2;222410.91
2019;10;3;218627.77
2019;10;4;214301.92
2019;10;5;202244.43
2019;10;6;189527.37
2019;10;7;209577.18
2019;10;8;212815.66
2019;10;9;212987.26
2019;10;10;214335.53
2019;10;11;216073.34
2019;10;12;197756.6
2019;10;13;190919.53
2019;10;14;211791.94
2019;10;15;212908.38
2019;10;16;208793.89
2019;10;17;207401.8
2019;10;18;205642.25
2019;10;19;194717.83
2019;10;20;178112.05
2019;10;21;182646.52
2019;10;22;186361.19
2019;10;23;189696.84
2019;10;24;194648.14
2019;10;25;199281.15
2019;10;26;192849.49
2019;10;27;183242.33
2019;10;28;200942.52
2019;10;29;205017.94
2019;10;30;199212.43
2019;10;31;185859.23
2019;11;1;184056.87
2019;11;2;188632
2019;11;3;182169.26
2019;11;4;206526.36
2019;11;5;209766.67
2019;11;6;212052.46
2019;11;7;215263.76
2019;11;8;217917.62
2019;11;9;207277.72
2019;11;10;192633.31
2019;11;11;214016.47
2019;11;12;211406.69
2019;11;13;211885.65
2019;11;14;215446.29
2019;11;15;220142.64
2019;11;16;212907.82
2019;11;17;198078.3
2019;11;18;221541.76
2019;11;19;225740.59
2019;11;20;220246.02
2019;11;21;220922.65
2019;11;22;218450.14
2019;11;23;209114.6
2019;11;24;193006.75
2019;11;25;214938.04
2019;11;26;217094.49
2019;11;27;218693.27
2019;11;28;221234.65
2019;11;29;222152.62
2019;11;30;209753.99
2019;12;1;196506.93
2019;12;2;217776.71
2019;12;3;221269.03
2019;12;4;220958.79
2019;12;5;220583.04
2019;12;6;223722.09
2019;12;7;210766.15
2019;12;8;197803.9
2019;12;9;222036.06
2019;12;10;226082
2019;12;11;225923.71
2019;12;12;229386.03
2019;12;13;228025.94
2019;12;14;213542.16
2019;12;15;198111.45
2019;12;16;224978.66
2019;12;17;228213.19
2019;12;18;225825.03
2019;12;19;223629.78
2019;12;20;228001.36
2019;12;21;219354.45
2019;12;22;206282.15
2019;12;23;229518.47
2019;12;24;223939.22
2019;12;25;192150.6
2019;12;26;222908.2
2019;12;27;231150.51
2019;12;28;222248.58
2019;12;29;208459.28
2019;12;30;228492.69
2019;12;31;221081.94
2020;1;1;188059.79
2020;1;2;220658.17
2020;1;3;227209.74
2020;1;4;216562.56
2020;1;5;199354.06
2020;1;6;218206.83
2020;1;7;220137.95
2020;1;8;215848.99
2020;1;9;220063.58
2020;1;10;221165.8
2020;1;11;210278.78
2020;1;12;194987.72
2020;1;13;221706.39
2020;1;14;224268.04
2020;1;15;221908.25
2020;1;16;223367.59
2020;1;17;227379.96
2020;1;18;215149.51
2020;1;19;196268.98
2020;1;20;221979.83
2020;1;21;227768.29
2020;1;22;223341.89
2020;1;23;228065.32
2020;1;24;233164.83
2020;1;25;219175.68
2020;1;26;203304.43
2020;1;27;231243.24
2020;1;28;235763.7
2020;1;29;231364.63
2020;1;30;231400.82
2020;1;31;230806.89
2020;2;1;214310.29
2020;2;2;199818.55
2020;2;3;220674.06
2020;2;4;223464.69
2020;2;5;220568.21
2020;2;6;220951.62
2020;2;7;224781.97
2020;2;8;217044.22
2020;2;9;204673.15
2020;2;10;226781.73
2020;2;11;228264.24
2020;2;12;225454.82
2020;2;13;223501.61
2020;2;14;222443.69
2020;2;15;208395.89
2020;2;16;194979.59
2020;2;17;218160.11
2020;2;18;224280.29
2020;2;19;226953.88
2020;2;20;230708.39
2020;2;21;227271.79
2020;2;22;214399.81
2020;2;23;198181.62
2020;2;24;222704.93
2020;2;25;226037.5
2020;2;26;228377.84
2020;2;27;229354.79
2020;2;28;228922.68
2020;2;29;217581.68
2020;3;1;194968.83
2020;3;2;222724.05
2020;3;3;228329.28
2020;3;4;226250.84
2020;3;5;229165.18
2020;3;6;234497.93
2020;3;7;218297.35
2020;3;8;205559.08
2020;3;9;230148.86
2020;3;10;232820.05
2020;3;11;228849.61
2020;3;12;228651.58
2020;3;13;231426.91
2020;3;14;216867.02
2020;3;15;200347.63
2020;3;16;217204.44
2020;3;17;225654.28
2020;3;18;224644.42
2020;3;19;218955.26
2020;3;20;223978.88
2020;3;21;210614.49
2020;3;22;196231.9
2020;3;23;215431.46
2020;3;24;219608.06
2020;3;25;217937.71
2020;3;26;220861.42
2020;3;27;216437.37
2020;3;28;207960.94
2020;3;29;196356.21
2020;3;30;213171.05
2020;3;31;213329.74
2020;4;1;207292.61
2020;4;2;207532.54
2020;4;3;206940.5
2020;4;4;193252.88
2020;4;5;187125.61
2020;4;6;201574.53
2020;4;7;209975.37
2020;4;8;211809.44
2020;4;9;210929.11
2020;4;10;194677.33
2020;4;11;193311.35
2020;4;12;192005.73
2020;4;13;209345.01
2020;4;14;213857.07
2020;4;15;211660.7
2020;4;16;212900.38
2020;4;17;213890.82
2020;4;18;203513.55
2020;4;19;192642.38
2020;4;20;210460.61
2020;4;21;214520.87
2020;4;22;210288.11
2020;4;23;211036.4
2020;4;24;213884.65
2020;4;25;206410.68
2020;4;26;197090.86
2020;4;27;211499.14
2020;4;28;213988.35
2020;4;29;214250.59
2020;4;30;211031.68
2020;5;1;190608.34
2020;5;2;195349.58
2020;5;3;192455.23
2020;5;4;208112.7
2020;5;5;209339.67
2020;5;6;208348.77
2020;5;7;211538.23
2020;5;8;211738.13
2020;5;9;205130.94
2020;5;10;194005.83
2020;5;11;210572.52
2020;5;12;215084.21
2020;5;13;212965.55
2020;5;14;213128.14
2020;5;15;210216.96
2020;5;16;203969.48
2020;5;17;195822.51
2020;5;18;210788.18
2020;5;19;217973.33
2020;5;20;217114.34
2020;5;21;202102.19
2020;5;22;211358.52
2020;5;23;203857.14
2020;5;24;193491.21
2020;5;25;206655.67
2020;5;26;210674.91
2020;5;27;215990.33
2020;5;28;218120.13
2020;5;29;219818.05
2020;5;30;209354.19
2020;5;31;198045.55
2020;6;1;209570.79
2020;6;2;218272.87
2020;6;3;210844.71
2020;6;4;211031.04
2020;6;5;214525.76
2020;6;6;209030.84
2020;6;7;200017.33
2020;6;8;218455.29
2020;6;9;220278.7
2020;6;10;219733.98
2020;6;11;222413.79
2020;6;12;219635.51
2020;6;13;211813.96
2020;6;14;199865.55
2020;6;15;215647.96
2020;6;16;216586.92
2020;6;17;219141.55
2020;6;18;220012.63
2020;6;19;219474.36
2020;6;20;213634.82
2020;6;21;201787.68
2020;6;22;218626.71
2020;6;23;219584.24
2020;6;24;216694.46
2020;6;25;222753.75
2020;6;26;220108.15
2020;6;27;210599.04
2020;6;28;199584.51
2020;6;29;201908.62
2020;6;30;210690.96
2020;7;1;212715.34
2020;7;2;207335.22
2020;7;3;206299.72
2020;7;4;206068.04
2020;7;5;194615.9
2020;7;6;211697.69
2020;7;7;216327.86
2020;7;8;214413.3
2020;7;9;211609.88
2020;7;10;213058.84
2020;7;11;206541.28
2020;7;12;195708.45
2020;7;13;208147.66
2020;7;14;209173.81
2020;7;15;207719.53
2020;7;16;200570.18
2020;7;17;211253.29
2020;7;18;205658
2020;7;19;195622.06
2020;7;20;208369.06
2020;7;21;215771.99
2020;7;22;212251.69
2020;7;23;211742.51
2020;7;24;213482.66
2020;7;25;210782.39
2020;7;26;201184
2020;7;27;213446.23
2020;7;28;215633.39
2020;7;29;214115.91
2020;7;30;214617.62
2020;7;31;212710.87
2020;8;1;202796.91
2020;8;2;193567.83
2020;8;3;206677.54
2020;8;4;209641.41
2020;8;5;207055.76
2020;8;6;206582.8
2020;8;7;206174.32
2020;8;8;198286.36
2020;8;9;189541.08
2020;8;10;211237.82
2020;8;11;215702.53
2020;8;12;217058.82
2020;8;13;218256.69
2020;8;14;215627.79
2020;8;15;198614.56
2020;8;16;193633.29
2020;8;17;211888.87
2020;8;18;219606.65
2020;8;19;216153.66
2020;8;20;214665.46
2020;8;21;211140.93
2020;8;22;201168.98
2020;8;23;193496.65
2020;8;24;212097.08
2020;8;25;214892.77
2020;8;26;215115.06
2020;8;27;217380.4
2020;8;28;220400.48
2020;8;29;205324.28
2020;8;30;196394.72
2020;8;31;217511.4
2020;9;1;221139.62
2020;9;2;213325.33
2020;9;3;212981.73
2020;9;4;212429.52
2020;9;5;202576.54
2020;9;6;191212.38
2020;9;7;211682.52
2020;9;8;218828.53
2020;9;9;210927.73
2020;9;10;210028.03
2020;9;11;209515.53
2020;9;12;198201.98
2020;9;13;189788.84
2020;9;14;207881.16
2020;9;15;212206.1
2020;9;16;209014.94
2020;9;17;204918.58
2020;9;18;186551.06
2020;9;19;184784.89
2020;9;20;188061.25
2020;9;21;209193.81
2020;9;22;210684.43
2020;9;23;207822.21
2020;9;24;209848.56
2020;9;25;217453.03
2020;9;26;202470.8
2020;9;27;189736.65
2020;9;28;210304.31
2020;9;29;215162.82
2020;9;30;208577.46
2020;10;1;209707.51
2020;10;2;211531.08
2020;10;3;204469.5
2020;10;4;193241
2020;10;5;209876.34
2020;10;6;210425.31
2020;10;7;208843
2020;10;8;209200.2
2020;10;9;211738.94
2020;10;10;201035.3
2020;10;11;188173.95
2020;10;12;192991.24
2020;10;13;213042.89
2020;10;14;210956.36
2020;10;15;213813.88
2020;10;16;213641.33
2020;10;17;204983.74
2020;10;18;191725.7
2020;10;19;210113.85
2020;10;20;213012.91
2020;10;21;213051.76
2020;10;22;211592.1
2020;10;23;213799.21
2020;10;24;203151.45
2020;10;25;191516.97
2020;10;26;215308.33
2020;10;27;218795.98
2020;10;28;215958.04
2020;10;29;216700.97
2020;10;30;217376.19
2020;10;31;200369.23
2020;11;1;193880.36
2020;11;2;212573.7
2020;11;3;215391.52
2020;11;4;215540.25
2020;11;5;214934.73
2020;11;6;216976.51
2020;11;7;205528.67
2020;11;8;193610.99
2020;11;9;215234.53
2020;11;10;219589.29
2020;11;11;217975.57
2020;11;12;215784.81
2020;11;13;213113.46
2020;11;14;199327.78
2020;11;15;188743.46
2020;11;16;211810.42
2020;11;17;216618.24
2020;11;18;216101.51
2020;11;19;219981.49
2020;11;20;220008.88
2020;11;21;208026.58
2020;11;22;193322.2
2020;11;23;216519.13
2020;11;24;220131.54
2020;11;25;219279.53
2020;11;26;223823.66
2020;11;27;225729.12
2020;11;28;212645.73
2020;11;29;198459.08
2020;11;30;224343.81
2020;12;1;227136.81
2020;12;2;222723.59
2020;12;3;226565.93
2020;12;4;227045.35
2020;12;5;216955.49
2020;12;6;201622.86
2020;12;7;218059.17
2020;12;8;208517.98
2020;12;9;224966.41
2020;12;10;221891.76
2020;12;11;224693.16
2020;12;12;215432.74
2020;12;13;205668.52
2020;12;14;225651.36
2020;12;15;228113.13
2020;12;16;227340.15
2020;12;17;227275.06
2020;12;18;226120.75
2020;12;19;216551.75
2020;12;20;207609.11
2020;12;21;231720.49
2020;12;22;234516.97
2020;12;23;232700.6
2020;12;24;227734.19
2020;12;25;202093.62
2020;12;26;210703.45
2020;12;27;208628.13
2020;12;28;233011.06
2020;12;29;233980.1
2020;12;30;234379.14
2020;12;31;227464.58
2021;1;1;200826.09
2021;1;2;208674.99
2021;1;3;206265.71
2021;1;4;229780.5
2021;1;5;231214.15
2021;1;6;228439.17
2021;1;7;225025.85
2021;1;8;226835.35
2021;1;9;209729.72
2021;1;10;196942.34
2021;1;11;222889.38
2021;1;12;228574.44
2021;1;13;222695.36
2021;1;14;218528.4
2021;1;15;220968.31
2021;1;16;210633.51
2021;1;17;201510.19
2021;1;18;225984.54
2021;1;19;231379.98
2021;1;20;230972.31
2021;1;21;226191.21
2021;1;22;227971.91
2021;1;23;217090.17
2021;1;24;203373.36
2021;1;25;227250.6
2021;1;26;229942.73
2021;1;27;228432.93
2021;1;28;225304.23
2021;1;29;220702.68
2021;1;30;200979.78
2021;1;31;190557.37
2021;2;1;212571.04
2021;2;2;219149.81
2021;2;3;218249.62
2021;2;4;226862.7
2021;2;5;222971.26
2021;2;6;211002.93
2021;2;7;196538.91
2021;2;8;220396.17
2021;2;9;222774.83
2021;2;10;226414.75
2021;2;11;225273.71
2021;2;12;220796.37
2021;2;13;212857.54
2021;2;14;196297.41
2021;2;15;217829.71
2021;2;16;222522.93
2021;2;17;222321.1
2021;2;18;221246.55
2021;2;19;223971.87
2021;2;20;218578.64
2021;2;21;208470.29
2021;2;22;228312.23
2021;2;23;234297.41
2021;2;24;235035.65
2021;2;25;235247.12
2021;2;26;237624.2
2021;2;27;226242.26
2021;2;28;212417.6
2021;3;1;231651.14
2021;3;2;233797.27
2021;3;3;234909.6
2021;3;4;236039.96
2021;3;5;239338.62
2021;3;6;226787.86
2021;3;7;214944.53
2021;3;8;238349.22
2021;3;9;237769.82
2021;3;10;230620.3
2021;3;11;229508.82
2021;3;12;232431.49
2021;3;13;220025.82
2021;3;14;206654.16
2021;3;15;222738.38
2021;3;16;225654.72
2021;3;17;223459.14
2021;3;18;225285.27
2021;3;19;226682.3
2021;3;20;213996.89
2021;3;21;202431.11
2021;3;22;225897.02
2021;3;23;227259.63
2021;3;24;226127.62
2021;3;25;225913.02
2021;3;26;226526.77
2021;3;27;215717.03
2021;3;28;201545.28
2021;3;29;223689.69
2021;3;30;228612.1
2021;3;31;225568.3
2021;4;1;216750.04
2021;4;2;200112.28
2021;4;3;200071.72
2021;4;4;199619.76
2021;4;5;219030.72
2021;4;6;223600.85
2021;4;7;222641.04
2021;4;8;223032.25
2021;4;9;222696.83
2021;4;10;214668.16
2021;4;11;200487.52
2021;4;12;221868.22
2021;4;13;227252.9
2021;4;14;221638.3
2021;4;15;219851.51
2021;4;16;220252.93
2021;4;17;211123.58
2021;4;18;198572.28
2021;4;19;220125.06
2021;4;20;223712.28
2021;4;21;218904.1
2021;4;22;222845.86
2021;4;23;222572.57
2021;4;24;214322.43
2021;4;25;203006.55
2021;4;26;220624.33
2021;4;27;225796.02
2021;4;28;224674.87
2021;4;29;224156.03
2021;4;30;226128.13
2021;5;1;203591.59
2021;5;2;204482.66
2021;5;3;224364.24
2021;5;4;227937.07
2021;5;5;225454.96
2021;5;6;225766.57
2021;5;7;228509.53
2021;5;8;215806.26
2021;5;9;201287.96
2021;5;10;223545.77
2021;5;11;227833.98
2021;5;12;226090.79
2021;5;13;221032.69
2021;5;14;221692.73
2021;5;15;208179.82
2021;5;16;204899.85
2021;5;17;228306.26
2021;5;18;232876.16
2021;5;19;231592.17
2021;5;20;231810.82
2021;5;21;216920.87
2021;5;22;215145.31
2021;5;23;208908.48
2021;5;24;230617.91
2021;5;25;234586.52
2021;5;26;232232.15
2021;5;27;231738.07
2021;5;28;229723.45
2021;5;29;224039.1
2021;5;30;213048.85
2021;5;31;226338.15
2021;6;1;223996.02
2021;6;2;218890.9
2021;6;3;218724.46
2021;6;4;223821.75
2021;6;5;218894.56
2021;6;6;210533.8
2021;6;7;224426.43
2021;6;8;226605.84
2021;6;9;226080.05
2021;6;10;225947.18
2021;6;11;223857.75
2021;6;12;216741.35
2021;6;13;209088.54
2021;6;14;227007.45
2021;6;15;234564.78
2021;6;16;228740.44
2021;6;17;230261.09
2021;6;18;234247.92
2021;6;19;223382.7
2021;6;20;213274.99
2021;6;21;218870.69
2021;6;22;233472.1
2021;6;23;236455.76
2021;6;24;237357.02
2021;6;25;241620.79
2021;6;26;230203.51
2021;6;27;220607.7
2021;6;28;223977.62
2021;6;29;238631.43
2021;6;30;241918.07
2021;7;1;238512.13
2021;7;2;237978.97
2021;7;3;226134.08
2021;7;4;216654.08
2021;7;5;238628.53
2021;7;6;240761.75
2021;7;7;234719.07
2021;7;8;232700.41
2021;7;9;236482.2
2021;7;10;225600.11
2021;7;11;217855.83
2021;7;12;239642.6
2021;7;13;240347.4
2021;7;14;239197.06
2021;7;15;238716.73
2021;7;16;222605.38
2021;7;17;217422.75
2021;7;18;208291.73
2021;7;19;228717.47
2021;7;20;233850.64
2021;7;21;224994.66
2021;7;22;226939.11
2021;7;23;230905.21
2021;7;24;228637.19
2021;7;25;217577.46
2021;7;26;235629.72
2021;7;27;238856.88
2021;7;28;236577.33
2021;7;29;234632.37
2021;7;30;234496.29
2021;7;31;221191.14
2021;8;1;207423.76
2021;8;2;223305.67
2021;8;3;228681.54
2021;8;4;229400.08
2021;8;5;234028.02
2021;8;6;234624.03
2021;8;7;225788.67
2021;8;8;215177.18
2021;8;9;236802.28
2021;8;10;234206.7
2021;8;11;232924.35
2021;8;12;237546.72
2021;8;13;238680.35
2021;8;14;224455.39
2021;8;15;216916.33
2021;8;16;236801.75
2021;8;17;236752.09
2021;8;18;234980.65
2021;8;19;234156.28
2021;8;20;237191.36
2021;8;21;221013.51
2021;8;22;210058.87
2021;8;23;236595.83
2021;8;24;233758.01
2021;8;25;228640.63
2021;8;26;229117.6
2021;8;27;231299.33
2021;8;28;213718.95
2021;8;29;204487.11
2021;8;30;226061.9
2021;8;31;229046.47
2021;9;1;224937.7
2021;9;2;220263.5
2021;9;3;225871.05
2021;9;4;210724.19
2021;9;5;197032.5
2021;9;6;226364.9
2021;9;7;230011.05
2021;9;8;225293.96
2021;9;9;227320.43
2021;9;10;226194.16
2021;9;11;219580.53
2021;9;12;209530.15
2021;9;13;232661.28
2021;9;14;233561.2
2021;9;15;221050.01
2021;9;16;215361.32
2021;9;17;202309.14
2021;9;18;194390.07
2021;9;19;193700.49
2021;9;20;222919.77
2021;9;21;229333.38
2021;9;22;227298.4
2021;9;23;223957.9
2021;9;24;224594.37
2021;9;25;213212.58
2021;9;26;201250.83
2021;9;27;221097.76
2021;9;28;221905.26
2021;9;29;216484.79
2021;9;30;216975.76
2021;10;1;218934.83
2021;10;2;209859.31
2021;10;3;201761.24
2021;10;4;221412.12
2021;10;5;223158.79
2021;10;6;221873.64
2021;10;7;224793.05
2021;10;8;224224.03
2021;10;9;210546.32
2021;10;10;199159.29
2021;10;11;203844.19
2021;10;12;225894.64
2021;10;13;224072.6
2021;10;14;222315.37
2021;10;15;224817.77
2021;10;16;215351.94
2021;10;17;202904.68
2021;10;18;225235.31
2021;10;19;229525.76
2021;10;20;230910.22
2021;10;21;226815.05
2021;10;22;227579.62
2021;10;23;215953.56
2021;10;24;203177.75
2021;10;25;227234.1
2021;10;26;228845.65
2021;10;27;227401.65
2021;10;28;231543.94
2021;10;29;234046.02
2021;10;30;221662.11
2021;10;31;205544.53
2021;11;1;206193.19
2021;11;2;225815.13
2021;11;3;224657.35
2021;11;4;222733.68
2021;11;5;226257.84
2021;11;6;216190.63
2021;11;7;204279.12
2021;11;8;229119.77
2021;11;9;232987.94
2021;11;10;226945.76
2021;11;11;229436.15
2021;11;12;232048.94
2021;11;13;218009.08
2021;11;14;203968.45
2021;11;15;225500.72
2021;11;16;230319.98
2021;11;17;225215.84
2021;11;18;229750.65
2021;11;19;230516.7
2021;11;20;218837.13
2021;11;21;207015.22
2021;11;22;234589.54
2021;11;23;237259.04
2021;11;24;233941.78
2021;11;25;232222.98
2021;11;26;234088.27
2021;11;27;220705.3
2021;11;28;208494.87
2021;11;29;231348.22
2021;11;30;232393.36
2021;12;1;229040.75
2021;12;2;232419.44
2021;12;3;232451.39
2021;12;4;222121.19
2021;12;5;213024.37
2021;12;6;228994.06
2021;12;7;233152.92
2021;12;8;219778.99
2021;12;9;239357.47
2021;12;10;238197.95
2021;12;11;222978
2021;12;12;208135.04
2021;12;13;231485.34
2021;12;14;235966.18
2021;12;15;235038.63
2021;12;16;238205.33
2021;12;17;237175.16
2021;12;18;225181.31
2021;12;19;214323.92
2021;12;20;242133.84
2021;12;21;243739.33
2021;12;22;241959.62
2021;12;23;239078.71
2021;12;24;233195.37
2021;12;25;207908.42
2021;12;26;212946.89
2021;12;27;241069.38
2021;12;28;245699.91
2021;12;29;237616.25
2021;12;30;238819.89
2021;12;31;228644.67
2022;1;1;199184.44
2022;1;2;203992.12
2022;1;3;232255.07
2022;1;4;235542.49
2022;1;5;232531.8
2022;1;6;233715.31
2022;1;7;239182.76
2022;1;8;225503.46
2022;1;9;206717.04
2022;1;10;231431.64
2022;1;11;233045.11
2022;1;12;234336.34
2022;1;13;232480.56
2022;1;14;233754.01
2022;1;15;220407.01
2022;1;16;204018.12
2022;1;17;222615.27
2022;1;18;227012.99
2022;1;19;223864.43
2022;1;20;224625.15
2022;1;21;228145.99
2022;1;22;216734.16
2022;1;23;205057.42
2022;1;24;230570.45
2022;1;25;237805.28
2022;1;26;239864.72
2022;1;27;246457.86
2022;1;28;244936.41
2022;1;29;224719.19
2022;1;30;209329.57
2022;1;31;231633.5
2022;2;1;238244.23
2022;2;2;235127.58
2022;2;3;234759.13
2022;2;4;236681.24
2022;2;5;224422.69
2022;2;6;211801.29
2022;2;7;234589.24
2022;2;8;239102.53
2022;2;9;234463.04
2022;2;10;231479.84
2022;2;11;228885.81
2022;2;12;222843.04
2022;2;13;207171.79
2022;2;14;226056.37
2022;2;15;230319.31
2022;2;16;233544.8
2022;2;17;238622.73
2022;2;18;238555.36
2022;2;19;224969.85
2022;2;20;210810.43
2022;2;21;233174.65
2022;2;22;235972.61
2022;2;23;230606.71
2022;2;24;229195.53
2022;2;25;238112.53
2022;2;26;225209.65
2022;2;27;210502.89
2022;2;28;233406.32
2022;3;1;235089.47
2022;3;2;233562.85
2022;3;3;238352.14
2022;3;4;239305.2
2022;3;5;225647.48
2022;3;6;212815.18
2022;3;7;233392.12
2022;3;8;234509.69
2022;3;9;227031.76
2022;3;10;229772.34
2022;3;11;235059.08
2022;3;12;224781.03
2022;3;13;211395.49
2022;3;14;236159.53
2022;3;15;239930.28
2022;3;16;233386.36
2022;3;17;232595.45
2022;3;18;235447.59
2022;3;19;222630.88
2022;3;20;211429.24
2022;3;21;230724.49
2022;3;22;235772.82
2022;3;23;233287.8
2022;3;24;232412.47
2022;3;25;235453.55
2022;3;26;224271.03
2022;3;27;208963.85
2022;3;28;231640.21
2022;3;29;235813.04
2022;3;30;236190.28
2022;3;31;235854.58
2022;4;1;230665.19
2022;4;2;220803.45
2022;4;3;206677.65
2022;4;4;226704.05
2022;4;5;227704.23
2022;4;6;222643.58
2022;4;7;218108.78
2022;4;8;215967.95
2022;4;9;207299.57
2022;4;10;193549.56
2022;4;11;215559.01
2022;4;12;219681.79
2022;4;13;222375.34
2022;4;14;226370.12
2022;4;15;207782.99
2022;4;16;205388.14
2022;4;17;208076.14
2022;4;18;229730.8
2022;4;19;231328.8
2022;4;20;228450.17
2022;4;21;231505.48
2022;4;22;230138.76
2022;4;23;220348.64
2022;4;24;207182.62
2022;4;25;219977.97
2022;4;26;229397.96
2022;4;27;229060.57
2022;4;28;232635.87
2022;4;29;234223.63
2022;4;30;221186.54
2022;5;1;206772.08
2022;5;2;226202.38
2022;5;3;227457.27
2022;5;4;226193.85
2022;5;5;229996.32
2022;5;6;227121.92
2022;5;7;217788.58
2022;5;8;214410.02
2022;5;9;230768.52
2022;5;10;231592.4
2022;5;11;233987.07
2022;5;12;234786.32
2022;5;13;235092.01
2022;5;14;228523.04
2022;5;15;214851.43
2022;5;16;233693.09
2022;5;17;237831.24
2022;5;18;237094.09
2022;5;19;234181.26
2022;5;20;235214.73
2022;5;21;217668.16
2022;5;22;217191.55
2022;5;23;233946.01
2022;5;24;233179.04
2022;5;25;231086.77
2022;5;26;237445.25
2022;5;27;241702.05
2022;5;28;235948.45
2022;5;29;224144.63
2022;5;30;248046.7
2022;5;31;252835.82
2022;6;1;247960.3
2022;6;2;244906.16
2022;6;3;246126.58
2022;6;4;230518.05
2022;6;5;217076.18
2022;6;6;236489.3
2022;6;7;235612.54
2022;6;8;235682.36
2022;6;9;234359.3
2022;6;10;237017.88
2022;6;11;226766.86
2022;6;12;219690.46
2022;6;13;239275.99
2022;6;14;241981.98
2022;6;15;240990.43
2022;6;16;243085.82
2022;6;17;245411.46
2022;6;18;230884.02
2022;6;19;219889.6
2022;6;20;239004.77
2022;6;21;230395.02
2022;6;22;243031.94
2022;6;23;243445.86
2022;6;24;247215.96
2022;6;25;229838.14
2022;6;26;218468.81
2022;6;27;225588
2022;6;28;241038.57
2022;6;29;241070.04
2022;6;30;240076
2022;7;1;245593.72
2022;7;2;228800.36
2022;7;3;226917.9
2022;7;4;241918.31
2022;7;5;243595.92
2022;7;6;244989.77
2022;7;7;237271.68
2022;7;8;231820.89
2022;7;9;227217.46
2022;7;10;219942.87
2022;7;11;235605.74
2022;7;12;240444.82
2022;7;13;245743.56
2022;7;14;245619.81
2022;7;15;244544.1
2022;7;16;218870.76
2022;7;17;222697.1
2022;7;18;236434.42
2022;7;19;236362.06
2022;7;20;234677.78
2022;7;21;230373.94
2022;7;22;231688.13
2022;7;23;222167.11
2022;7;24;215749.89
2022;7;25;235524.77
2022;7;26;237164.15
2022;7;27;238714.45
2022;7;28;237163.96
2022;7;29;236197.64
2022;7;30;227078.21
2022;7;31;214827.51
2022;8;1;235725.32
2022;8;2;237412.73
2022;8;3;238162.24
2022;8;4;231866.08
2022;8;5;233271.71
2022;8;6;227459.89
2022;8;7;216027.35
2022;8;8;233531.33
2022;8;9;232211.59
2022;8;10;231858.97
2022;8;11;234429.71
2022;8;12;233428.48
2022;8;13;220821.91
2022;8;14;216740.06
2022;8;15;219343.24
2022;8;16;242111.47
2022;8;17;239079.6
2022;8;18;237269.77
2022;8;19;232463.38
2022;8;20;219903.07
2022;8;21;204138.66
2022;8;22;231429.93
2022;8;23;228535.11
2022;8;24;227185.67
2022;8;25;223301.2
2022;8;26;227326.98
2022;8;27;210680.29
2022;8;28;200135.74
2022;8;29;219405.83
2022;8;30;229196.84
2022;8;31;230001.71
2022;9;1;227570.32
2022;9;2;223094.09
2022;9;3;211641.16
2022;9;4;197489.19
2022;9;5;216318.72
2022;9;6;222078.59
2022;9;7;224504.41
2022;9;8;231084.97
2022;9;9;220699.46
2022;9;10;213185.19
2022;9;11;204961.55
2022;9;12;218284.13
2022;9;13;221569.29
2022;9;14;221549.14
2022;9;15;220152.06
2022;9;16;210702.69
2022;9;17;207727.78
2022;9;18;198940.83
2022;9;19;202527.92
2022;9;20;234159.23
2022;9;21;237231.96
2022;9;22;232588.49
2022;9;23;231547.64
2022;9;24;226146.26
2022;9;25;208704.36
2022;9;26;230575.84
2022;9;27;228372.76
2022;9;28;227542.92
2022;9;29;227662.42
2022;9;30;224638.97
2022;10;1;212024.51
2022;10;2;199391.54
2022;10;3;224753.54
2022;10;4;229050.53
2022;10;5;223984.65
2022;10;6;224148.31
2022;10;7;227528.71
2022;10;8;213552.36
2022;10;9;200779.06
2022;10;10;206040.07
2022;10;11;229054.77
2022;10;12;227862.97
2022;10;13;225019.39
2022;10;14;224809.32
2022;10;15;216191.64
2022;10;16;205948.81
2022;10;17;226764.62
2022;10;18;225272.65
2022;10;19;225897.14
2022;10;20;226377.65
2022;10;21;223891.57
2022;10;22;211981.15
2022;10;23;200907.17
2022;10;24;223292.34
2022;10;25;225739.83
2022;10;26;226574.2
2022;10;27;227121.86
2022;10;28;229392.38
2022;10;29;217906.45
2022;10;30;204649.49
2022;10;31;205879.71
2022;11;1;207891.73
2022;11;2;225083.65
2022;11;3;226559.27
2022;11;4;230608.9
2022;11;5;218140
2022;11;6;206210.56
2022;11;7;227464.38
2022;11;8;229654.19
2022;11;9;229943.6
2022;11;10;229960.01
2022;11;11;232230.44
2022;11;12;220212.99
2022;11;13;205712.43
2022;11;14;225424.64
2022;11;15;234745.5
2022;11;16;235939.36
2022;11;17;236725.64
2022;11;18;238987.5
2022;11;19;225547.2
2022;11;20;206693.92
2022;11;21;230780.54
2022;11;22;235762.74
2022;11;23;232325.65
2022;11;24;232970.55
2022;11;25;237035.51
2022;11;26;227561.98
2022;11;27;212769.12
2022;11;28;234217.94
2022;11;29;236549.6
2022;11;30;234984.52
2022;12;1;232517.24
2022;12;2;236236.97
2022;12;3;225967.12
2022;12;4;213290.88
2022;12;5;240370.49
2022;12;6;240060.87
2022;12;7;238694.41
2022;12;8;226326.59
2022;12;9;237054.44
2022;12;10;229949.86
2022;12;11;217392.07
2022;12;12;239265.11
2022;12;13;243613.1
2022;12;14;239729.42
2022;12;15;244998.6
2022;12;16;243174.53
2022;12;17;226580.24
2022;12;18;214292.83
2022;12;19;239077.84
2022;12;20;243022.7
2022;12;21;242554.11
2022;12;22;243671.07
2022;12;23;241996.39
2022;12;24;230928.21
2022;12;25;208740.13
2022;12;26;235747.79
2022;12;27;244885.18
2022;12;28;245237.82
2022;12;29;246354.38
2022;12;30;242243
2022;12;31;222227.17
