2011;1;1;22.38
2011;1;2;23.05
2011;1;3;22.48
2011;1;4;22.51
2011;1;5;22.87
2011;1;6;24.77
2011;1;7;25.32
2011;1;8;24.4
2011;1;9;24.06
2011;1;10;23.12
2011;1;11;23.05
2011;1;12;21.52
2011;1;13;22.61
2011;1;14;22.56
2011;1;15;23.92
2011;1;16;24.75
2011;1;17;22.3
2011;1;18;22.91
2011;1;19;22.94
2011;1;20;21.53
2011;1;21;21.8
2011;1;22;23.53
2011;1;23;24.54
2011;1;24;24.38
2011;1;25;25.85
2011;1;26;26.47
2011;1;27;24.37
2011;1;28;24.67
2011;1;29;22.65
2011;1;30;24.24
2011;1;31;23.43
2011;2;1;20.1
2011;2;2;22.12
2011;2;3;24.47
2011;2;4;21.83
2011;2;5;23.11
2011;2;6;19.39
2011;2;7;21.44
2011;2;8;20.58
2011;2;9;20.6
2011;2;10;21.19
2011;2;11;20.65
2011;2;12;21.29
2011;2;13;22.23
2011;2;14;21.57
2011;2;15;22.98
2011;2;16;23.69
2011;2;17;25.31
2011;2;18;24.14
2011;2;19;22.98
2011;2;20;22.82
2011;2;21;22.93
2011;2;22;22.82
2011;2;23;21.93
2011;2;24;22.01
2011;2;25;21.62
2011;2;26;21.41
2011;2;27;22.27
2011;2;28;21.33
2011;3;1;21.37
2011;3;2;22.45
2011;3;3;22.59
2011;3;4;22.45
2011;3;5;22.26
2011;3;6;22.73
2011;3;7;23.38
2011;3;8;24.18
2011;3;9;23.79
2011;3;10;23.75
2011;3;11;24.05
2011;3;12;24.25
2011;3;13;17.73
2011;3;14;17.46
2011;3;15;18.37
2011;3;16;20.3
2011;3;17;20.9
2011;3;18;20.02
2011;3;19;19.18
2011;3;20;20.64
2011;3;21;21.91
2011;3;22;23.3
2011;3;23;18.64
2011;3;24;18.94
2011;3;25;18.8
2011;3;26;19.41
2011;3;27;16.75
2011;3;28;17.82
2011;3;29;18.23
2011;3;30;19.01
2011;3;31;20.67
2011;4;1;20.98
2011;4;2;20.14
2011;4;3;20.01
2011;4;4;17.43
2011;4;5;18.24
2011;4;6;17.59
2011;4;7;18.83
2011;4;8;17.8
2011;4;9;17.37
2011;4;10;18.92
2011;4;11;19.97
2011;4;12;20.83
2011;4;13;21.45
2011;4;14;19.43
2011;4;15;16.95
2011;4;16;16.93
2011;4;17;16.44
2011;4;18;16.15
2011;4;19;17.25
2011;4;20;15.8
2011;4;21;17.22
2011;4;22;18.08
2011;4;23;15.65
2011;4;24;16.24
2011;4;25;15.89
2011;4;26;16.14
2011;4;27;17.33
2011;4;28;17.41
2011;4;29;18.1
2011;4;30;18.11
2011;5;1;14.79
2011;5;2;13.15
2011;5;3;13.31
2011;5;4;14.24
2011;5;5;15.25
2011;5;6;13.93
2011;5;7;14.43
2011;5;8;13.63
2011;5;9;12.78
2011;5;10;13.86
2011;5;11;15.54
2011;5;12;15.09
2011;5;13;14.83
2011;5;14;14.61
2011;5;15;14.55
2011;5;16;14.32
2011;5;17;14.19
2011;5;18;14.44
2011;5;19;14.62
2011;5;20;16.33
2011;5;21;17.3
2011;5;22;15.07
2011;5;23;11.73
2011;5;24;12.21
2011;5;25;13.5
2011;5;26;13.5
2011;5;27;13.44
2011;5;28;12.44
2011;5;29;12.04
2011;5;30;13.08
2011;5;31;12.89
2011;6;1;12.76
2011;6;2;12.61
2011;6;3;11.52
2011;6;4;9.58
2011;6;5;8.98
2011;6;6;9.15
2011;6;7;10.58
2011;6;8;10.57
2011;6;9;12.05
2011;6;10;11.69
2011;6;11;12.77
2011;6;12;12.45
2011;6;13;10.73
2011;6;14;10.73
2011;6;15;13.58
2011;6;16;14.9
2011;6;17;12.5
2011;6;18;13.3
2011;6;19;14.72
2011;6;20;12.5
2011;6;21;10.71
2011;6;22;11.11
2011;6;23;11.94
2011;6;24;10.44
2011;6;25;9.65
2011;6;26;9.16
2011;6;27;9.64
2011;6;28;8.94
2011;6;29;9.01
2011;6;30;8.55
2011;7;1;6.81
2011;7;2;6.24
2011;7;3;6.12
2011;7;4;7.15
2011;7;5;7.02
2011;7;6;7.05
2011;7;7;7.47
2011;7;8;8.84
2011;7;9;9.08
2011;7;10;10.39
2011;7;11;11.35
2011;7;12;12.15
2011;7;13;10.36
2011;7;14;10.19
2011;7;15;12.87
2011;7;16;9.84
2011;7;17;9.7
2011;7;18;10.65
2011;7;19;9.44
2011;7;20;9.06
2011;7;21;9.17
2011;7;22;9.44
2011;7;23;9.46
2011;7;24;10.71
2011;7;25;14.58
2011;7;26;10.69
2011;7;27;9.91
2011;7;28;10.91
2011;7;29;9.56
2011;7;30;6.92
2011;7;31;6.23
2011;8;1;7.19
2011;8;2;8.48
2011;8;3;8.55
2011;8;4;7.05
2011;8;5;8.97
2011;8;6;9.62
2011;8;7;10.24
2011;8;8;11.92
2011;8;9;12.62
2011;8;10;13.3
2011;8;11;15
2011;8;12;14.3
2011;8;13;11.23
2011;8;14;9.85
2011;8;15;10.9
2011;8;16;12.02
2011;8;17;11.8
2011;8;18;12.08
2011;8;19;9.43
2011;8;20;7.29
2011;8;21;6.63
2011;8;22;7.36
2011;8;23;8.58
2011;8;24;11.32
2011;8;25;10.44
2011;8;26;9.09
2011;8;27;10.47
2011;8;28;10.9
2011;8;29;9.55
2011;8;30;10.52
2011;8;31;9.12
2011;9;1;8.46
2011;9;2;10.3
2011;9;3;12.24
2011;9;4;11.77
2011;9;5;11.13
2011;9;6;11.58
2011;9;7;12.61
2011;9;8;12.99
2011;9;9;13.41
2011;9;10;12.41
2011;9;11;10.71
2011;9;12;12.83
2011;9;13;10.65
2011;9;14;10.65
2011;9;15;12.5
2011;9;16;15.22
2011;9;17;13.75
2011;9;18;11.87
2011;9;19;11.95
2011;9;20;13.55
2011;9;21;14.64
2011;9;22;11.94
2011;9;23;11.8
2011;9;24;13.23
2011;9;25;14.46
2011;9;26;15.3
2011;9;27;14.24
2011;9;28;15.65
2011;9;29;16.54
2011;9;30;15.44
2011;10;1;14.4
2011;10;2;14.26
2011;10;3;11.54
2011;10;4;12.98
2011;10;5;14.26
2011;10;6;16.03
2011;10;7;16.26
2011;10;8;16.78
2011;10;9;15.48
2011;10;10;14.55
2011;10;11;13.82
2011;10;12;14.94
2011;10;13;15.5
2011;10;14;15.08
2011;10;15;16.98
2011;10;16;16.18
2011;10;17;13.43
2011;10;18;14.62
2011;10;19;16.41
2011;10;20;17.94
2011;10;21;18.61
2011;10;22;16.76
2011;10;23;15.74
2011;10;24;16.26
2011;10;25;15.96
2011;10;26;13.94
2011;10;27;14.69
2011;10;28;16.51
2011;10;29;15.95
2011;10;30;13.08
2011;10;31;13.91
2011;11;1;15.83
2011;11;2;17.3
2011;11;3;18.44
2011;11;4;19.71
2011;11;5;18.19
2011;11;6;17.08
2011;11;7;18.2
2011;11;8;18.26
2011;11;9;19.07
2011;11;10;17.1
2011;11;11;17.73
2011;11;12;18.7
2011;11;13;18.65
2011;11;14;18.2
2011;11;15;19
2011;11;16;19.47
2011;11;17;19.08
2011;11;18;20.67
2011;11;19;22.4
2011;11;20;21.3
2011;11;21;20.19
2011;11;22;18.69
2011;11;23;20.09
2011;11;24;22.14
2011;11;25;23.76
2011;11;26;22.23
2011;11;27;23.47
2011;11;28;23.62
2011;11;29;23.81
2011;11;30;16.9
2011;12;1;16.15
2011;12;2;17.16
2011;12;3;18.98
2011;12;4;20.14
2011;12;5;21.69
2011;12;6;20.67
2011;12;7;20.18
2011;12;8;20.01
2011;12;9;20.4
2011;12;10;21.62
2011;12;11;22.4
2011;12;12;19.37
2011;12;13;18.44
2011;12;14;19.92
2011;12;15;19.57
2011;12;16;18.94
2011;12;17;18.38
2011;12;18;18.98
2011;12;19;19.75
2011;12;20;21.73
2011;12;21;24.53
2011;12;22;23.3
2011;12;23;18.72
2011;12;24;17.19
2011;12;25;18.2
2011;12;26;20.26
2011;12;27;21.19
2011;12;28;21.95
2011;12;29;22.28
2011;12;30;22.26
2011;12;31;21.59
2012;1;1;21.87
2012;1;2;21.82
2012;1;3;19.95
2012;1;4;20.45
2012;1;5;23.48
2012;1;6;22.69
2012;1;7;21.72
2012;1;8;23.63
2012;1;9;27.04
2012;1;10;27.58
2012;1;11;23.15
2012;1;12;20.2
2012;1;13;19.56
2012;1;14;20.58
2012;1;15;21.28
2012;1;16;23.38
2012;1;17;23.45
2012;1;18;24.01
2012;1;19;24.26
2012;1;20;25.53
2012;1;21;24.71
2012;1;22;23.33
2012;1;23;23.5
2012;1;24;22.96
2012;1;25;21.19
2012;1;26;21.78
2012;1;27;22.83
2012;1;28;23.56
2012;1;29;24.98
2012;1;30;25.94
2012;1;31;24.29
2012;2;1;24.44
2012;2;2;24.28
2012;2;3;24.45
2012;2;4;26.74
2012;2;5;25.32
2012;2;6;26.54
2012;2;7;26.67
2012;2;8;24.62
2012;2;9;22.03
2012;2;10;21.65
2012;2;11;21.55
2012;2;12;24.34
2012;2;13;25.15
2012;2;14;25.25
2012;2;15;26.37
2012;2;16;27.05
2012;2;17;27.06
2012;2;18;26.12
2012;2;19;24.41
2012;2;20;23.9
2012;2;21;21.73
2012;2;22;22.55
2012;2;23;21.67
2012;2;24;20.95
2012;2;25;23.39
2012;2;26;21.94
2012;2;27;22.69
2012;2;28;21.09
2012;2;29;20.11
2012;3;1;20.78
2012;3;2;21.51
2012;3;3;23.37
2012;3;4;24.53
2012;3;5;25.83
2012;3;6;23.52
2012;3;7;23.8
2012;3;8;23.15
2012;3;9;23.53
2012;3;10;24.83
2012;3;11;23.61
2012;3;12;25.15
2012;3;13;21.43
2012;3;14;20.62
2012;3;15;19.49
2012;3;16;19.67
2012;3;17;21.49
2012;3;18;23.44
2012;3;19;23.62
2012;3;20;21.15
2012;3;21;21.03
2012;3;22;18.99
2012;3;23;18.03
2012;3;24;18.91
2012;3;25;19.06
2012;3;26;17.08
2012;3;27;14.7
2012;3;28;16.85
2012;3;29;17.83
2012;3;30;18.44
2012;3;31;19.33
2012;4;1;20.27
2012;4;2;19.21
2012;4;3;20.94
2012;4;4;21.57
2012;4;5;17.84
2012;4;6;18.24
2012;4;7;19.51
2012;4;8;17.74
2012;4;9;17.88
2012;4;10;18.67
2012;4;11;19.81
2012;4;12;18.97
2012;4;13;18.42
2012;4;14;18.53
2012;4;15;18.97
2012;4;16;19.9
2012;4;17;19.92
2012;4;18;20.56
2012;4;19;19.33
2012;4;20;20.26
2012;4;21;16.24
2012;4;22;14.49
2012;4;23;13.97
2012;4;24;12.3
2012;4;25;13.94
2012;4;26;12.93
2012;4;27;13.86
2012;4;28;13.01
2012;4;29;12.37
2012;4;30;12.87
2012;5;1;13.69
2012;5;2;14.96
2012;5;3;15.8
2012;5;4;16.62
2012;5;5;16.9
2012;5;6;16.77
2012;5;7;17.48
2012;5;8;18.04
2012;5;9;18.07
2012;5;10;16.93
2012;5;11;14.43
2012;5;12;12.21
2012;5;13;12.57
2012;5;14;13.97
2012;5;15;14.39
2012;5;16;14.98
2012;5;17;15.85
2012;5;18;16.12
2012;5;19;16.53
2012;5;20;16.51
2012;5;21;16.75
2012;5;22;16.19
2012;5;23;16.01
2012;5;24;15.51
2012;5;25;16.26
2012;5;26;16.48
2012;5;27;17.04
2012;5;28;17.56
2012;5;29;17.54
2012;5;30;13.58
2012;5;31;12.62
2012;6;1;12.88
2012;6;2;14.83
2012;6;3;11.82
2012;6;4;10.77
2012;6;5;10.43
2012;6;6;7.83
2012;6;7;7.94
2012;6;8;8.76
2012;6;9;8.97
2012;6;10;9.29
2012;6;11;10.89
2012;6;12;13.25
2012;6;13;16.15
2012;6;14;14.09
2012;6;15;12.45
2012;6;16;9.02
2012;6;17;9.37
2012;6;18;9.8
2012;6;19;10.05
2012;6;20;10.59
2012;6;21;10.76
2012;6;22;11.39
2012;6;23;10.99
2012;6;24;10.74
2012;6;25;8.76
2012;6;26;9.56
2012;6;27;13.38
2012;6;28;13.98
2012;6;29;11.79
2012;6;30;12.61
2012;7;1;15.47
2012;7;2;11.39
2012;7;3;9.21
2012;7;4;9.01
2012;7;5;8.44
2012;7;6;7.51
2012;7;7;7.58
2012;7;8;7.46
2012;7;9;7.42
2012;7;10;7.85
2012;7;11;6.51
2012;7;12;7.32
2012;7;13;9.01
2012;7;14;7.06
2012;7;15;6.29
2012;7;16;6.64
2012;7;17;6.96
2012;7;18;8.4
2012;7;19;9.27
2012;7;20;9.63
2012;7;21;10.23
2012;7;22;8.58
2012;7;23;8.36
2012;7;24;8.41
2012;7;25;7.25
2012;7;26;7.83
2012;7;27;6.85
2012;7;28;8.24
2012;7;29;7.82
2012;7;30;7.1
2012;7;31;8.04
2012;8;1;11.35
2012;8;2;10.31
2012;8;3;10.66
2012;8;4;11.24
2012;8;5;10.94
2012;8;6;10.79
2012;8;7;13.39
2012;8;8;13.3
2012;8;9;11.69
2012;8;10;12.55
2012;8;11;14.17
2012;8;12;11.62
2012;8;13;11.24
2012;8;14;11.87
2012;8;15;14.34
2012;8;16;14.62
2012;8;17;16.37
2012;8;18;15.91
2012;8;19;12.84
2012;8;20;12.68
2012;8;21;12.57
2012;8;22;15.74
2012;8;23;19.19
2012;8;24;13.01
2012;8;25;9.01
2012;8;26;8.77
2012;8;27;10.01
2012;8;28;11.26
2012;8;29;12.25
2012;8;30;13.9
2012;8;31;15.1
2012;9;1;15.8
2012;9;2;13.28
2012;9;3;11.79
2012;9;4;14.06
2012;9;5;12.28
2012;9;6;13.11
2012;9;7;16.03
2012;9;8;14.05
2012;9;9;12
2012;9;10;13.18
2012;9;11;14.33
2012;9;12;15.15
2012;9;13;16.65
2012;9;14;16.85
2012;9;15;18.31
2012;9;16;16.74
2012;9;17;14.33
2012;9;18;14.32
2012;9;19;12.26
2012;9;20;14.37
2012;9;21;13.98
2012;9;22;14.24
2012;9;23;14.75
2012;9;24;13.23
2012;9;25;10.58
2012;9;26;11.27
2012;9;27;12.94
2012;9;28;14.99
2012;9;29;15.39
2012;9;30;16.62
2012;10;1;16.12
2012;10;2;15.4
2012;10;3;14.26
2012;10;4;14.3
2012;10;5;16.66
2012;10;6;16.54
2012;10;7;14.12
2012;10;8;15.26
2012;10;9;14.91
2012;10;10;11.67
2012;10;11;13.11
2012;10;12;14.87
2012;10;13;15.98
2012;10;14;17.14
2012;10;15;17.77
2012;10;16;16.19
2012;10;17;15.78
2012;10;18;14.22
2012;10;19;16.65
2012;10;20;17.33
2012;10;21;17.38
2012;10;22;16.96
2012;10;23;14.19
2012;10;24;15.8
2012;10;25;16.12
2012;10;26;18.72
2012;10;27;18.05
2012;10;28;19.28
2012;10;29;17.86
2012;10;30;15.15
2012;10;31;16.39
2012;11;1;18.87
2012;11;2;20.71
2012;11;3;21.23
2012;11;4;18.73
2012;11;5;21.77
2012;11;6;24.03
2012;11;7;25.05
2012;11;8;24.36
2012;11;9;20.18
2012;11;10;16.05
2012;11;11;16.08
2012;11;12;16.19
2012;11;13;16.73
2012;11;14;17.93
2012;11;15;18.65
2012;11;16;19.39
2012;11;17;20.05
2012;11;18;20.65
2012;11;19;20.98
2012;11;20;20.81
2012;11;21;22.48
2012;11;22;20.32
2012;11;23;18.58
2012;11;24;17.91
2012;11;25;16.87
2012;11;26;17.59
2012;11;27;20.8
2012;11;28;18.76
2012;11;29;18.87
2012;11;30;20.65
2012;12;1;21.65
2012;12;2;23.37
2012;12;3;23.96
2012;12;4;21.47
2012;12;5;24.14
2012;12;6;23.71
2012;12;7;21.26
2012;12;8;22.18
2012;12;9;23.15
2012;12;10;23.55
2012;12;11;21.24
2012;12;12;23.47
2012;12;13;22.27
2012;12;14;23.73
2012;12;15;24.23
2012;12;16;23.28
2012;12;17;22.4
2012;12;18;20.99
2012;12;19;21.1
2012;12;20;21.36
2012;12;21;22.36
2012;12;22;23.24
2012;12;23;24.74
2012;12;24;27.12
2012;12;25;24.16
2012;12;26;20.35
2012;12;27;19.59
2012;12;28;21.02
2012;12;29;22.14
2012;12;30;24.85
2012;12;31;24.55
2013;1;1;17.74
2013;1;2;16.72
2013;1;3;20.2
2013;1;4;23.51
2013;1;5;24.8
2013;1;6;24.51
2013;1;7;24.58
2013;1;8;23.51
2013;1;9;23.19
2013;1;10;23.71
2013;1;11;24.57
2013;1;12;24.38
2013;1;13;23.9
2013;1;14;23.14
2013;1;15;23.41
2013;1;16;23.74
2013;1;17;23.04
2013;1;18;22.78
2013;1;19;21.37
2013;1;20;21.57
2013;1;21;22.48
2013;1;22;23.25
2013;1;23;25.05
2013;1;24;24.41
2013;1;25;18.83
2013;1;26;21.12
2013;1;27;23.8
2013;1;28;25.37
2013;1;29;25.73
2013;1;30;24.55
2013;1;31;24.96
2013;2;1;27.13
2013;2;2;23.44
2013;2;3;19.4
2013;2;4;20.44
2013;2;5;22.87
2013;2;6;23.2
2013;2;7;22.84
2013;2;8;23.45
2013;2;9;24.12
2013;2;10;24.69
2013;2;11;23.76
2013;2;12;25.84
2013;2;13;25.17
2013;2;14;24.71
2013;2;15;24.77
2013;2;16;25.88
2013;2;17;24.03
2013;2;18;20.55
2013;2;19;20.53
2013;2;20;21.12
2013;2;21;20.11
2013;2;22;21.33
2013;2;23;22.19
2013;2;24;21.94
2013;2;25;19.52
2013;2;26;18.1
2013;2;27;18.15
2013;2;28;18.62
2013;3;1;20.71
2013;3;2;21.44
2013;3;3;18.95
2013;3;4;17.57
2013;3;5;17.85
2013;3;6;20.95
2013;3;7;21.47
2013;3;8;22.09
2013;3;9;23.44
2013;3;10;21.41
2013;3;11;20.45
2013;3;12;18.38
2013;3;13;16.73
2013;3;14;15.79
2013;3;15;15.28
2013;3;16;15.88
2013;3;17;16.34
2013;3;18;18.76
2013;3;19;19.58
2013;3;20;19.21
2013;3;21;19.62
2013;3;22;17.8
2013;3;23;18.11
2013;3;24;19.44
2013;3;25;18.92
2013;3;26;18.33
2013;3;27;18.19
2013;3;28;18.72
2013;3;29;20.14
2013;3;30;20.8
2013;3;31;21.26
2013;4;1;20.89
2013;4;2;20.14
2013;4;3;20.32
2013;4;4;19.6
2013;4;5;19.76
2013;4;6;17.41
2013;4;7;16.19
2013;4;8;17.44
2013;4;9;17.31
2013;4;10;17.35
2013;4;11;18.48
2013;4;12;16.9
2013;4;13;14.09
2013;4;14;17.18
2013;4;15;16.44
2013;4;16;15.38
2013;4;17;16.05
2013;4;18;17.34
2013;4;19;18.86
2013;4;20;18.37
2013;4;21;17.97
2013;4;22;18.26
2013;4;23;18.08
2013;4;24;18.47
2013;4;25;18.79
2013;4;26;18.81
2013;4;27;19.21
2013;4;28;18.63
2013;4;29;17.3
2013;4;30;16.51
2013;5;1;17.11
2013;5;2;17.35
2013;5;3;16.44
2013;5;4;15.19
2013;5;5;15.76
2013;5;6;15.6
2013;5;7;13.78
2013;5;8;14.78
2013;5;9;15.8
2013;5;10;16.57
2013;5;11;16.43
2013;5;12;15.45
2013;5;13;14.97
2013;5;14;15.06
2013;5;15;10.65
2013;5;16;10.14
2013;5;17;11.27
2013;5;18;11.01
2013;5;19;12.58
2013;5;20;13.24
2013;5;21;13.67
2013;5;22;14.67
2013;5;23;14.69
2013;5;24;13.08
2013;5;25;12.57
2013;5;26;13.19
2013;5;27;13.96
2013;5;28;15.01
2013;5;29;13.12
2013;5;30;13.01
2013;5;31;13.34
2013;6;1;14.08
2013;6;2;12.26
2013;6;3;12.91
2013;6;4;13.55
2013;6;5;13.69
2013;6;6;11.18
2013;6;7;11.46
2013;6;8;10.83
2013;6;9;10.59
2013;6;10;12.44
2013;6;11;12.85
2013;6;12;14.54
2013;6;13;16.21
2013;6;14;11.12
2013;6;15;10.02
2013;6;16;10.65
2013;6;17;10.39
2013;6;18;10.83
2013;6;19;8.65
2013;6;20;8.74
2013;6;21;8.76
2013;6;22;9.71
2013;6;23;9.24
2013;6;24;8.36
2013;6;25;10.04
2013;6;26;9.98
2013;6;27;10.8
2013;6;28;11.36
2013;6;29;11.11
2013;6;30;10.13
2013;7;1;10.48
2013;7;2;10.89
2013;7;3;12.63
2013;7;4;13.01
2013;7;5;12.94
2013;7;6;12.86
2013;7;7;9.89
2013;7;8;9.14
2013;7;9;9.7
2013;7;10;11.81
2013;7;11;13.15
2013;7;12;10.68
2013;7;13;10.71
2013;7;14;10.48
2013;7;15;9.87
2013;7;16;11.45
2013;7;17;12.72
2013;7;18;8.37
2013;7;19;7.01
2013;7;20;7.37
2013;7;21;5.78
2013;7;22;6.58
2013;7;23;7.03
2013;7;24;7.48
2013;7;25;7.84
2013;7;26;8.92
2013;7;27;10.96
2013;7;28;10.26
2013;7;29;10.22
2013;7;30;10.55
2013;7;31;12.65
2013;8;1;10.12
2013;8;2;9.15
2013;8;3;9.21
2013;8;4;10.85
2013;8;5;11.12
2013;8;6;10.72
2013;8;7;11.53
2013;8;8;10.19
2013;8;9;8.48
2013;8;10;8.51
2013;8;11;9.01
2013;8;12;9.67
2013;8;13;7.31
2013;8;14;7.84
2013;8;15;8.11
2013;8;16;8.76
2013;8;17;8.87
2013;8;18;10.87
2013;8;19;13.48
2013;8;20;14.79
2013;8;21;14.74
2013;8;22;9.24
2013;8;23;6.54
2013;8;24;7.53
2013;8;25;6.68
2013;8;26;7.2
2013;8;27;9.18
2013;8;28;12.12
2013;8;29;13.29
2013;8;30;14.2
2013;8;31;14.31
2013;9;1;14.12
2013;9;2;12.51
2013;9;3;9.75
2013;9;4;9.29
2013;9;5;12.12
2013;9;6;15.05
2013;9;7;15.96
2013;9;8;15.09
2013;9;9;17.37
2013;9;10;20.49
2013;9;11;19.07
2013;9;12;16.08
2013;9;13;12.21
2013;9;14;11.39
2013;9;15;11.66
2013;9;16;10.05
2013;9;17;8.15
2013;9;18;10.64
2013;9;19;12.12
2013;9;20;11.9
2013;9;21;11.4
2013;9;22;9.51
2013;9;23;9.35
2013;9;24;9.08
2013;9;25;10.69
2013;9;26;11.98
2013;9;27;13.3
2013;9;28;13.52
2013;9;29;12.55
2013;9;30;11.02
2013;10;1;11.73
2013;10;2;13.08
2013;10;3;13.32
2013;10;4;13.19
2013;10;5;12.68
2013;10;6;14.49
2013;10;7;15.32
2013;10;8;16.04
2013;10;9;17.99
2013;10;10;16.86
2013;10;11;15.19
2013;10;12;16.32
2013;10;13;16.22
2013;10;14;17.73
2013;10;15;18.06
2013;10;16;18.05
2013;10;17;18.29
2013;10;18;17.17
2013;10;19;19.15
2013;10;20;18.83
2013;10;21;14.27
2013;10;22;15.3
2013;10;23;16.33
2013;10;24;13.09
2013;10;25;14.62
2013;10;26;16.62
2013;10;27;15.22
2013;10;28;15.04
2013;10;29;16.62
2013;10;30;17.18
2013;10;31;18.69
2013;11;1;18.56
2013;11;2;16.59
2013;11;3;15.51
2013;11;4;15.02
2013;11;5;17.05
2013;11;6;18.37
2013;11;7;19.19
2013;11;8;17.94
2013;11;9;18.41
2013;11;10;18.4
2013;11;11;18.01
2013;11;12;19.78
2013;11;13;19.44
2013;11;14;22.31
2013;11;15;19.19
2013;11;16;16.51
2013;11;17;19.59
2013;11;18;20.55
2013;11;19;17.97
2013;11;20;19.11
2013;11;21;18.3
2013;11;22;20.22
2013;11;23;20.91
2013;11;24;22.56
2013;11;25;21.59
2013;11;26;18.87
2013;11;27;17.48
2013;11;28;19.12
2013;11;29;18.18
2013;11;30;20.51
2013;12;1;22.37
2013;12;2;23.18
2013;12;3;17.69
2013;12;4;21.61
2013;12;5;17.99
2013;12;6;17.24
2013;12;7;22.39
2013;12;8;25.23
2013;12;9;19.23
2013;12;10;18.23
2013;12;11;19.89
2013;12;12;22.04
2013;12;13;22.83
2013;12;14;23.84
2013;12;15;26.5
2013;12;16;24.53
2013;12;17;26.33
2013;12;18;24.34
2013;12;19;23.96
2013;12;20;24.11
2013;12;21;24.25
2013;12;22;24.8
2013;12;23;25.19
2013;12;24;26.09
2013;12;25;27.19
2013;12;26;27.73
2013;12;27;25.92
2013;12;28;26.21
2013;12;29;28.4
2013;12;30;29.14
2013;12;31;23.72
2014;1;1;25.87
2014;1;2;22.73
2014;1;3;20.58
2014;1;4;23.12
2014;1;5;23.12
2014;1;6;26.24
2014;1;7;25.42
2014;1;8;21.91
2014;1;9;24.31
2014;1;10;23.46
2014;1;11;20.19
2014;1;12;19.4
2014;1;13;21.59
2014;1;14;22.14
2014;1;15;24.5
2014;1;16;24.72
2014;1;17;27.09
2014;1;18;28.62
2014;1;19;24.24
2014;1;20;25.98
2014;1;21;26.38
2014;1;22;26.66
2014;1;23;27.96
2014;1;24;21.2
2014;1;25;18.23
2014;1;26;20.83
2014;1;27;23.47
2014;1;28;22.9
2014;1;29;23.18
2014;1;30;22.8
2014;1;31;25.41
2014;2;1;22.95
2014;2;2;23.87
2014;2;3;20.48
2014;2;4;22.97
2014;2;5;25.01
2014;2;6;20.18
2014;2;7;22.11
2014;2;8;25.29
2014;2;9;22.41
2014;2;10;22.33
2014;2;11;24.48
2014;2;12;23.25
2014;2;13;21.14
2014;2;14;19.94
2014;2;15;20.03
2014;2;16;21.51
2014;2;17;22.45
2014;2;18;23.12
2014;2;19;22.95
2014;2;20;22.26
2014;2;21;22.7
2014;2;22;21.33
2014;2;23;20.76
2014;2;24;21.7
2014;2;25;19.77
2014;2;26;19.85
2014;2;27;19.54
2014;2;28;19.96
2014;3;1;20.12
2014;3;2;21.08
2014;3;3;20.89
2014;3;4;21.53
2014;3;5;20.98
2014;3;6;20.02
2014;3;7;19.22
2014;3;8;20.15
2014;3;9;20.48
2014;3;10;19.02
2014;3;11;19.96
2014;3;12;21.18
2014;3;13;20.68
2014;3;14;22.45
2014;3;15;20.6
2014;3;16;20.92
2014;3;17;20.05
2014;3;18;17.05
2014;3;19;17.79
2014;3;20;19.22
2014;3;21;17.41
2014;3;22;15.69
2014;3;23;17.3
2014;3;24;18.36
2014;3;25;18.99
2014;3;26;20.9
2014;3;27;21.7
2014;3;28;21.95
2014;3;29;22.58
2014;3;30;20.94
2014;3;31;18.09
2014;4;1;19.38
2014;4;2;20.43
2014;4;3;21.28
2014;4;4;22.35
2014;4;5;22.32
2014;4;6;21.65
2014;4;7;21.76
2014;4;8;20.48
2014;4;9;18.85
2014;4;10;18.76
2014;4;11;18.05
2014;4;12;15.53
2014;4;13;15.25
2014;4;14;15.11
2014;4;15;15.89
2014;4;16;16.78
2014;4;17;17.35
2014;4;18;15.16
2014;4;19;16.56
2014;4;20;16.8
2014;4;21;16.46
2014;4;22;14.4
2014;4;23;14.97
2014;4;24;15.33
2014;4;25;14.17
2014;4;26;15.82
2014;4;27;16.29
2014;4;28;16.94
2014;4;29;16.98
2014;4;30;17.41
2014;5;1;16.41
2014;5;2;16.79
2014;5;3;15.99
2014;5;4;16.94
2014;5;5;16.99
2014;5;6;16.7
2014;5;7;16.9
2014;5;8;15.53
2014;5;9;15.78
2014;5;10;15.79
2014;5;11;16.31
2014;5;12;15.8
2014;5;13;15.68
2014;5;14;15.9
2014;5;15;15.32
2014;5;16;13.56
2014;5;17;13.63
2014;5;18;12.88
2014;5;19;13.71
2014;5;20;12.87
2014;5;21;13.26
2014;5;22;12.98
2014;5;23;10.65
2014;5;24;11.17
2014;5;25;11.74
2014;5;26;12.57
2014;5;27;12.19
2014;5;28;11.31
2014;5;29;12.32
2014;5;30;13.44
2014;5;31;13.64
2014;6;1;12.44
2014;6;2;12.69
2014;6;3;12.08
2014;6;4;12.8
2014;6;5;12.36
2014;6;6;11.71
2014;6;7;11.79
2014;6;8;11.3
2014;6;9;11.47
2014;6;10;11.4
2014;6;11;12.12
2014;6;12;15.94
2014;6;13;10.66
2014;6;14;10.3
2014;6;15;11.02
2014;6;16;11.76
2014;6;17;10.8
2014;6;18;9.58
2014;6;19;9.33
2014;6;20;9.48
2014;6;21;9.54
2014;6;22;11.89
2014;6;23;12.48
2014;6;24;11.08
2014;6;25;10.61
2014;6;26;10.74
2014;6;27;10.52
2014;6;28;9.81
2014;6;29;10.67
2014;6;30;10.2
2014;7;1;9.19
2014;7;2;8.51
2014;7;3;10.31
2014;7;4;11.73
2014;7;5;13.08
2014;7;6;8.37
2014;7;7;9.79
2014;7;8;9.93
2014;7;9;9.33
2014;7;10;10.33
2014;7;11;11.37
2014;7;12;12.87
2014;7;13;14.51
2014;7;14;14.75
2014;7;15;14.59
2014;7;16;12.02
2014;7;17;11.78
2014;7;18;10.48
2014;7;19;11.77
2014;7;20;12.36
2014;7;21;12.78
2014;7;22;12.22
2014;7;23;10.76
2014;7;24;9.5
2014;7;25;9.37
2014;7;26;7.23
2014;7;27;6.98
2014;7;28;8.8
2014;7;29;12.22
2014;7;30;12.48
2014;7;31;12.39
2014;8;1;13.76
2014;8;2;16.32
2014;8;3;14.15
2014;8;4;11.48
2014;8;5;10.51
2014;8;6;10.83
2014;8;7;11.37
2014;8;8;10.58
2014;8;9;11.06
2014;8;10;11.95
2014;8;11;10.23
2014;8;12;9.9
2014;8;13;9.51
2014;8;14;10.03
2014;8;15;10.18
2014;8;16;11.74
2014;8;17;13.71
2014;8;18;14.94
2014;8;19;14.91
2014;8;20;15.62
2014;8;21;17.9
2014;8;22;16.37
2014;8;23;16.94
2014;8;24;15.06
2014;8;25;10.13
2014;8;26;10.16
2014;8;27;8.78
2014;8;28;9.51
2014;8;29;10.75
2014;8;30;12.57
2014;8;31;13.33
2014;9;1;12.96
2014;9;2;13.52
2014;9;3;14.38
2014;9;4;14.66
2014;9;5;15.36
2014;9;6;14.69
2014;9;7;14.19
2014;9;8;15.26
2014;9;9;14.9
2014;9;10;13.01
2014;9;11;12.82
2014;9;12;12.88
2014;9;13;13.25
2014;9;14;14.01
2014;9;15;13.12
2014;9;16;12.37
2014;9;17;13.9
2014;9;18;14.09
2014;9;19;15.56
2014;9;20;14.54
2014;9;21;14.46
2014;9;22;15.16
2014;9;23;14.3
2014;9;24;15.53
2014;9;25;15.7
2014;9;26;13.08
2014;9;27;13.97
2014;9;28;14.63
2014;9;29;15.38
2014;9;30;14.23
2014;10;1;12.7
2014;10;2;12.69
2014;10;3;14.65
2014;10;4;14.67
2014;10;5;15.56
2014;10;6;16.97
2014;10;7;17.25
2014;10;8;19.12
2014;10;9;18.28
2014;10;10;13.05
2014;10;11;13.87
2014;10;12;15.19
2014;10;13;16.82
2014;10;14;17.8
2014;10;15;18.05
2014;10;16;18.26
2014;10;17;18.05
2014;10;18;18.31
2014;10;19;18.04
2014;10;20;15.47
2014;10;21;18.94
2014;10;22;20.87
2014;10;23;20.55
2014;10;24;20.62
2014;10;25;21.94
2014;10;26;23.37
2014;10;27;23.58
2014;10;28;20.89
2014;10;29;20.36
2014;10;30;18.58
2014;10;31;18.16
2014;11;1;16.01
2014;11;2;15.82
2014;11;3;17.29
2014;11;4;15.12
2014;11;5;17.69
2014;11;6;17.5
2014;11;7;19.07
2014;11;8;18.48
2014;11;9;18.63
2014;11;10;18.9
2014;11;11;20.26
2014;11;12;17.87
2014;11;13;15.51
2014;11;14;18.32
2014;11;15;21
2014;11;16;19.48
2014;11;17;20.65
2014;11;18;22.08
2014;11;19;20.86
2014;11;20;19.37
2014;11;21;18.01
2014;11;22;17.94
2014;11;23;20.79
2014;11;24;19.53
2014;11;25;18.08
2014;11;26;18.1
2014;11;27;19.74
2014;11;28;21.01
2014;11;29;22.76
2014;11;30;18.3
2014;12;1;17.94
2014;12;2;17.99
2014;12;3;19.98
2014;12;4;22.13
2014;12;5;22.3
2014;12;6;23.48
2014;12;7;23.25
2014;12;8;22.94
2014;12;9;23.53
2014;12;10;19.66
2014;12;11;18.38
2014;12;12;19.83
2014;12;13;21.13
2014;12;14;19.07
2014;12;15;21
2014;12;16;21.22
2014;12;17;21.87
2014;12;18;23.3
2014;12;19;25.23
2014;12;20;22.48
2014;12;21;18.98
2014;12;22;18.2
2014;12;23;19.95
2014;12;24;21.87
2014;12;25;23.65
2014;12;26;24.76
2014;12;27;23.44
2014;12;28;24.23
2014;12;29;25.23
2014;12;30;25.07
2014;12;31;23.69
2015;1;1;22.21
2015;1;2;19.82
2015;1;3;22.24
2015;1;4;19.19
2015;1;5;23.92
2015;1;6;24.8
2015;1;7;21.96
2015;1;8;23.94
2015;1;9;24.55
2015;1;10;23.69
2015;1;11;25.46
2015;1;12;25.19
2015;1;13;21.94
2015;1;14;22.73
2015;1;15;22.58
2015;1;16;24.78
2015;1;17;21.06
2015;1;18;23.39
2015;1;19;23.01
2015;1;20;20.38
2015;1;21;20.74
2015;1;22;22.1
2015;1;23;23.33
2015;1;24;23.37
2015;1;25;24.36
2015;1;26;24.33
2015;1;27;26.33
2015;1;28;21.13
2015;1;29;19.59
2015;1;30;19.55
2015;1;31;21.66
2015;2;1;22.78
2015;2;2;23.44
2015;2;3;23.4
2015;2;4;24.23
2015;2;5;24.18
2015;2;6;23.66
2015;2;7;22.98
2015;2;8;24.68
2015;2;9;24.46
2015;2;10;23.51
2015;2;11;24.14
2015;2;12;24.07
2015;2;13;20.05
2015;2;14;20.33
2015;2;15;22.39
2015;2;16;23.21
2015;2;17;23.43
2015;2;18;23.55
2015;2;19;19.55
2015;2;20;19.9
2015;2;21;21.95
2015;2;22;23.12
2015;2;23;24.21
2015;2;24;25.05
2015;2;25;22.9
2015;2;26;23.54
2015;2;27;21.18
2015;2;28;20.73
2015;3;1;24.09
2015;3;2;24.56
2015;3;3;24.68
2015;3;4;23.38
2015;3;5;22.24
2015;3;6;22.75
2015;3;7;23.21
2015;3;8;23.44
2015;3;9;23.73
2015;3;10;24.36
2015;3;11;23.58
2015;3;12;23.64
2015;3;13;24.67
2015;3;14;22.57
2015;3;15;22.26
2015;3;16;22.94
2015;3;17;23.61
2015;3;18;23
2015;3;19;23.51
2015;3;20;23.22
2015;3;21;18.31
2015;3;22;17.59
2015;3;23;18.01
2015;3;24;18.7
2015;3;25;18.22
2015;3;26;18.22
2015;3;27;18.39
2015;3;28;19
2015;3;29;20.89
2015;3;30;20.77
2015;3;31;19.42
2015;4;1;20.14
2015;4;2;21.15
2015;4;3;21.84
2015;4;4;20.52
2015;4;5;19.44
2015;4;6;17.24
2015;4;7;17.88
2015;4;8;19.65
2015;4;9;20.17
2015;4;10;20.65
2015;4;11;18.29
2015;4;12;18.47
2015;4;13;20.64
2015;4;14;19.61
2015;4;15;19.39
2015;4;16;19.98
2015;4;17;17.82
2015;4;18;18.3
2015;4;19;18.33
2015;4;20;18.24
2015;4;21;17.49
2015;4;22;16.97
2015;4;23;17.91
2015;4;24;18.41
2015;4;25;19.53
2015;4;26;19.69
2015;4;27;18.94
2015;4;28;17.84
2015;4;29;17.18
2015;4;30;16.47
2015;5;1;17.68
2015;5;2;17.16
2015;5;3;13.21
2015;5;4;13.82
2015;5;5;15.11
2015;5;6;13.15
2015;5;7;13.17
2015;5;8;13.55
2015;5;9;14.1
2015;5;10;15.28
2015;5;11;15.71
2015;5;12;15.72
2015;5;13;15.61
2015;5;14;16.94
2015;5;15;18.3
2015;5;16;19.19
2015;5;17;19.37
2015;5;18;19.13
2015;5;19;19.43
2015;5;20;19.08
2015;5;21;19.59
2015;5;22;20.15
2015;5;23;17.36
2015;5;24;14.17
2015;5;25;14.4
2015;5;26;14.3
2015;5;27;14.74
2015;5;28;13.53
2015;5;29;14.03
2015;5;30;14.37
2015;5;31;14.48
2015;6;1;14.63
2015;6;2;14.75
2015;6;3;14.92
2015;6;4;14.73
2015;6;5;17.45
2015;6;6;16.59
2015;6;7;15.09
2015;6;8;14.42
2015;6;9;13.68
2015;6;10;13.33
2015;6;11;11.53
2015;6;12;11.06
2015;6;13;10.48
2015;6;14;11.37
2015;6;15;11.29
2015;6;16;12.12
2015;6;17;10.71
2015;6;18;8.64
2015;6;19;7.94
2015;6;20;8.24
2015;6;21;10.27
2015;6;22;9.58
2015;6;23;8.31
2015;6;24;9.25
2015;6;25;12.24
2015;6;26;14.59
2015;6;27;14.93
2015;6;28;15.09
2015;6;29;14.64
2015;6;30;11.75
2015;7;1;10.44
2015;7;2;10.57
2015;7;3;9.76
2015;7;4;8.81
2015;7;5;8.8
2015;7;6;10.21
2015;7;7;10.16
2015;7;8;9.9
2015;7;9;10.48
2015;7;10;11.05
2015;7;11;11.83
2015;7;12;13.23
2015;7;13;10.53
2015;7;14;9.55
2015;7;15;8.66
2015;7;16;8.64
2015;7;17;9.94
2015;7;18;11.71
2015;7;19;10.95
2015;7;20;9.44
2015;7;21;8.38
2015;7;22;9.44
2015;7;23;9.43
2015;7;24;10.51
2015;7;25;12.56
2015;7;26;12.47
2015;7;27;13.49
2015;7;28;15.19
2015;7;29;13.46
2015;7;30;13.86
2015;7;31;14.64
2015;8;1;12.38
2015;8;2;12.92
2015;8;3;12.77
2015;8;4;11.47
2015;8;5;13.4
2015;8;6;16.73
2015;8;7;14.88
2015;8;8;16.01
2015;8;9;18.78
2015;8;10;13.51
2015;8;11;12.51
2015;8;12;12.36
2015;8;13;12.25
2015;8;14;11.35
2015;8;15;11.99
2015;8;16;11.8
2015;8;17;13.15
2015;8;18;13.16
2015;8;19;12.05
2015;8;20;12.45
2015;8;21;13.9
2015;8;22;14.22
2015;8;23;10.51
2015;8;24;10.23
2015;8;25;12.8
2015;8;26;13.4
2015;8;27;12.95
2015;8;28;14.54
2015;8;29;14.95
2015;8;30;14.98
2015;8;31;13.69
2015;9;1;9.34
2015;9;2;10.17
2015;9;3;11.07
2015;9;4;12.35
2015;9;5;12.27
2015;9;6;12.65
2015;9;7;14.28
2015;9;8;14.69
2015;9;9;12.12
2015;9;10;10.87
2015;9;11;8.2
2015;9;12;10.93
2015;9;13;12.57
2015;9;14;14.25
2015;9;15;15.2
2015;9;16;11.53
2015;9;17;11.44
2015;9;18;11.76
2015;9;19;13.05
2015;9;20;13.1
2015;9;21;13.98
2015;9;22;12.8
2015;9;23;13.55
2015;9;24;13.56
2015;9;25;13.13
2015;9;26;12.97
2015;9;27;14.36
2015;9;28;14.28
2015;9;29;13.21
2015;9;30;11.24
2015;10;1;13.82
2015;10;2;11.72
2015;10;3;10.2
2015;10;4;12.2
2015;10;5;13.59
2015;10;6;15.06
2015;10;7;13.51
2015;10;8;14.03
2015;10;9;12.38
2015;10;10;12.82
2015;10;11;12.48
2015;10;12;11.63
2015;10;13;13.9
2015;10;14;15.41
2015;10;15;15.4
2015;10;16;11.99
2015;10;17;10.67
2015;10;18;13.01
2015;10;19;14.59
2015;10;20;15.25
2015;10;21;14.95
2015;10;22;15.05
2015;10;23;12.26
2015;10;24;12.28
2015;10;25;14.85
2015;10;26;16.6
2015;10;27;17.08
2015;10;28;18.64
2015;10;29;18.19
2015;10;30;15.06
2015;10;31;13.73
2015;11;1;14.94
2015;11;2;15.29
2015;11;3;16.12
2015;11;4;14.22
2015;11;5;16.26
2015;11;6;17.4
2015;11;7;18.01
2015;11;8;19.65
2015;11;9;20.28
2015;11;10;20.47
2015;11;11;19.16
2015;11;12;19.15
2015;11;13;17.9
2015;11;14;19.09
2015;11;15;20.9
2015;11;16;20.69
2015;11;17;18.77
2015;11;18;18.57
2015;11;19;16.75
2015;11;20;15.3
2015;11;21;17.67
2015;11;22;17.56
2015;11;23;16.98
2015;11;24;17.65
2015;11;25;18.65
2015;11;26;19.35
2015;11;27;19
2015;11;28;18.68
2015;11;29;17.87
2015;11;30;18.69
2015;12;1;20.92
2015;12;2;20.59
2015;12;3;21.64
2015;12;4;19.97
2015;12;5;18.83
2015;12;6;16.03
2015;12;7;18
2015;12;8;22.26
2015;12;9;21.17
2015;12;10;23.38
2015;12;11;25.42
2015;12;12;26.23
2015;12;13;24.95
2015;12;14;23.48
2015;12;15;20.61
2015;12;16;21.64
2015;12;17;21.47
2015;12;18;21.73
2015;12;19;18.3
2015;12;20;19.94
2015;12;21;22.3
2015;12;22;23.2
2015;12;23;22.8
2015;12;24;22.5
2015;12;25;22.08
2015;12;26;21.9
2015;12;27;24.96
2015;12;28;26.62
2015;12;29;25.33
2015;12;30;23.72
2015;12;31;23.23
2016;1;1;23.35
2016;1;2;24.17
2016;1;3;24.35
2016;1;4;24.53
2016;1;5;23.88
2016;1;6;21.4
2016;1;7;20.76
2016;1;8;21.76
2016;1;9;22.06
2016;1;10;23.4
2016;1;11;24.33
2016;1;12;25.73
2016;1;13;22.14
2016;1;14;24.69
2016;1;15;22.69
2016;1;16;23.1
2016;1;17;26.3
2016;1;18;22.76
2016;1;19;22.81
2016;1;20;22.54
2016;1;21;25.19
2016;1;22;26.52
2016;1;23;23
2016;1;24;27.08
2016;1;25;24.4
2016;1;26;21.85
2016;1;27;20.72
2016;1;28;22.79
2016;1;29;22.99
2016;1;30;22.63
2016;1;31;21.02
2016;2;1;20.78
2016;2;2;22.69
2016;2;3;23.57
2016;2;4;23.73
2016;2;5;24.58
2016;2;6;25.12
2016;2;7;26.18
2016;2;8;24.44
2016;2;9;25.42
2016;2;10;23.83
2016;2;11;24.73
2016;2;12;27.37
2016;2;13;25.32
2016;2;14;24.76
2016;2;15;25.59
2016;2;16;27.3
2016;2;17;25.59
2016;2;18;24.26
2016;2;19;22.62
2016;2;20;22.3
2016;2;21;24.05
2016;2;22;25.13
2016;2;23;24.82
2016;2;24;25.69
2016;2;25;22.59
2016;2;26;21.35
2016;2;27;22.16
2016;2;28;23.4
2016;2;29;22.32
2016;3;1;20.48
2016;3;2;20.7
2016;3;3;21.2
2016;3;4;21.4
2016;3;5;20.62
2016;3;6;18.67
2016;3;7;19.8
2016;3;8;20.87
2016;3;9;20.47
2016;3;10;19.23
2016;3;11;19.43
2016;3;12;17.76
2016;3;13;19.83
2016;3;14;20.53
2016;3;15;22.3
2016;3;16;23.22
2016;3;17;24.01
2016;3;18;21.16
2016;3;19;17.58
2016;3;20;17.9
2016;3;21;19.27
2016;3;22;19.29
2016;3;23;20.2
2016;3;24;19.69
2016;3;25;19.12
2016;3;26;19.64
2016;3;27;19.86
2016;3;28;20.27
2016;3;29;19.65
2016;3;30;19.97
2016;3;31;20.75
2016;4;1;21.35
2016;4;2;21.07
2016;4;3;19.4
2016;4;4;19.46
2016;4;5;19.55
2016;4;6;19.29
2016;4;7;18.56
2016;4;8;19.57
2016;4;9;18.79
2016;4;10;18.15
2016;4;11;18.48
2016;4;12;18.74
2016;4;13;19.56
2016;4;14;19.48
2016;4;15;22.08
2016;4;16;20.5
2016;4;17;17.93
2016;4;18;17.58
2016;4;19;17.88
2016;4;20;16.94
2016;4;21;17
2016;4;22;16.36
2016;4;23;17.29
2016;4;24;17.31
2016;4;25;14.79
2016;4;26;12.1
2016;4;27;11.08
2016;4;28;11.5
2016;4;29;12.17
2016;4;30;11.8
2016;5;1;11.85
2016;5;2;13.44
2016;5;3;11.83
2016;5;4;12.26
2016;5;5;13.01
2016;5;6;12.01
2016;5;7;12.54
2016;5;8;13.85
2016;5;9;14.38
2016;5;10;13.62
2016;5;11;12.09
2016;5;12;12.23
2016;5;13;11.87
2016;5;14;12.76
2016;5;15;13.65
2016;5;16;11.72
2016;5;17;10.89
2016;5;18;10.33
2016;5;19;10.95
2016;5;20;11.55
2016;5;21;11.9
2016;5;22;11.02
2016;5;23;11.42
2016;5;24;11.25
2016;5;25;11.58
2016;5;26;12.19
2016;5;27;13.14
2016;5;28;13.42
2016;5;29;14.23
2016;5;30;13.52
2016;5;31;12.51
2016;6;1;11.18
2016;6;2;10.15
2016;6;3;10.52
2016;6;4;10.29
2016;6;5;9.56
2016;6;6;10.15
2016;6;7;10.26
2016;6;8;8.9
2016;6;9;8.23
2016;6;10;8.32
2016;6;11;7.98
2016;6;12;9.05
2016;6;13;9.05
2016;6;14;9.9
2016;6;15;10.11
2016;6;16;9.8
2016;6;17;10.13
2016;6;18;9.73
2016;6;19;8.8
2016;6;20;8.41
2016;6;21;9.1
2016;6;22;9.75
2016;6;23;10.21
2016;6;24;10.95
2016;6;25;10.87
2016;6;26;10.51
2016;6;27;12.94
2016;6;28;11.37
2016;6;29;11.26
2016;6;30;12.76
2016;7;1;12.51
2016;7;2;11.92
2016;7;3;13.08
2016;7;4;11.4
2016;7;5;10.65
2016;7;6;10.59
2016;7;7;10.5
2016;7;8;11.48
2016;7;9;10.58
2016;7;10;11.43
2016;7;11;11.65
2016;7;12;10.77
2016;7;13;10.22
2016;7;14;10.59
2016;7;15;10.93
2016;7;16;7.87
2016;7;17;8.73
2016;7;18;8.73
2016;7;19;8.46
2016;7;20;8.37
2016;7;21;8.55
2016;7;22;9.22
2016;7;23;9.15
2016;7;24;9
2016;7;25;10.39
2016;7;26;9.78
2016;7;27;8.76
2016;7;28;8.8
2016;7;29;9.69
2016;7;30;11.87
2016;7;31;12.15
2016;8;1;9.77
2016;8;2;8.15
2016;8;3;8.27
2016;8;4;10.36
2016;8;5;11.25
2016;8;6;11.19
2016;8;7;10.53
2016;8;8;11.19
2016;8;9;10.73
2016;8;10;10.03
2016;8;11;10.59
2016;8;12;12.07
2016;8;13;12.53
2016;8;14;12.34
2016;8;15;12.44
2016;8;16;12.62
2016;8;17;11.86
2016;8;18;11.75
2016;8;19;11.69
2016;8;20;9.31
2016;8;21;8.27
2016;8;22;11.51
2016;8;23;12.92
2016;8;24;13.27
2016;8;25;14.86
2016;8;26;16.59
2016;8;27;12.14
2016;8;28;11.09
2016;8;29;12.1
2016;8;30;11.8
2016;8;31;12.33
2016;9;1;10.66
2016;9;2;8.83
2016;9;3;8.81
2016;9;4;10.7
2016;9;5;10.96
2016;9;6;11.39
2016;9;7;11.43
2016;9;8;12.16
2016;9;9;13.71
2016;9;10;14.67
2016;9;11;14.8
2016;9;12;14.76
2016;9;13;11.96
2016;9;14;11.23
2016;9;15;10.2
2016;9;16;12.64
2016;9;17;13.36
2016;9;18;12.44
2016;9;19;11.76
2016;9;20;13.55
2016;9;21;15.37
2016;9;22;15.94
2016;9;23;11.15
2016;9;24;9.73
2016;9;25;10.87
2016;9;26;12.49
2016;9;27;14.35
2016;9;28;12.63
2016;9;29;11.3
2016;9;30;12.73
2016;10;1;13.65
2016;10;2;14.01
2016;10;3;14.21
2016;10;4;14.16
2016;10;5;14.21
2016;10;6;14.36
2016;10;7;13.59
2016;10;8;11.87
2016;10;9;14.57
2016;10;10;15.6
2016;10;11;16.61
2016;10;12;18.44
2016;10;13;16.61
2016;10;14;16.07
2016;10;15;18.11
2016;10;16;19.41
2016;10;17;15.73
2016;10;18;15.29
2016;10;19;14.66
2016;10;20;13.8
2016;10;21;13.65
2016;10;22;14.98
2016;10;23;16.14
2016;10;24;16.72
2016;10;25;16.46
2016;10;26;16.1
2016;10;27;12.43
2016;10;28;12.85
2016;10;29;15.96
2016;10;30;18.1
2016;10;31;19.53
2016;11;1;16.94
2016;11;2;13.41
2016;11;3;18.06
2016;11;4;17.73
2016;11;5;20.15
2016;11;6;22.07
2016;11;7;18.65
2016;11;8;18.26
2016;11;9;20.32
2016;11;10;19.52
2016;11;11;16.82
2016;11;12;18.91
2016;11;13;18.19
2016;11;14;21.51
2016;11;15;20.9
2016;11;16;17.69
2016;11;17;13.75
2016;11;18;14.95
2016;11;19;18.44
2016;11;20;18.78
2016;11;21;14.94
2016;11;22;16.04
2016;11;23;19.13
2016;11;24;19.85
2016;11;25;20.98
2016;11;26;21
2016;11;27;20.32
2016;11;28;19.13
2016;11;29;18.96
2016;11;30;20.26
2016;12;1;21.35
2016;12;2;23.9
2016;12;3;22.49
2016;12;4;22.97
2016;12;5;23.84
2016;12;6;21.93
2016;12;7;21.24
2016;12;8;17.91
2016;12;9;19.94
2016;12;10;23.51
2016;12;11;20.85
2016;12;12;23.95
2016;12;13;19.5
2016;12;14;16.86
2016;12;15;20.75
2016;12;16;22.3
2016;12;17;24.58
2016;12;18;24.44
2016;12;19;20.63
2016;12;20;22.57
2016;12;21;24.45
2016;12;22;22.89
2016;12;23;22.8
2016;12;24;24.49
2016;12;25;24.5
2016;12;26;21.26
2016;12;27;21.79
2016;12;28;23.44
2016;12;29;24.18
2016;12;30;24
2016;12;31;25.76
2017;1;1;25.42
2017;1;2;23.35
2017;1;3;23.82
2017;1;4;24.22
2017;1;5;22.19
2017;1;6;22.23
2017;1;7;25.37
2017;1;8;23.58
2017;1;9;24.85
2017;1;10;21.86
2017;1;11;23.26
2017;1;12;25.62
2017;1;13;23.04
2017;1;14;21.23
2017;1;15;21.95
2017;1;16;23.45
2017;1;17;23.89
2017;1;18;22.54
2017;1;19;24.9
2017;1;20;25.01
2017;1;21;26.16
2017;1;22;23.9
2017;1;23;24.13
2017;1;24;24.69
2017;1;25;20.57
2017;1;26;19.87
2017;1;27;20.83
2017;1;28;22.54
2017;1;29;24.76
2017;1;30;26.78
2017;1;31;25.54
2017;2;1;23.76
2017;2;2;23.19
2017;2;3;23.3
2017;2;4;24.48
2017;2;5;21.99
2017;2;6;19.74
2017;2;7;19.49
2017;2;8;21.47
2017;2;9;23.02
2017;2;10;23.44
2017;2;11;22.23
2017;2;12;22.76
2017;2;13;22.57
2017;2;14;23.48
2017;2;15;24.11
2017;2;16;25.04
2017;2;17;25.34
2017;2;18;23.73
2017;2;19;25.84
2017;2;20;26.38
2017;2;21;27.33
2017;2;22;26.52
2017;2;23;27.13
2017;2;24;26.32
2017;2;25;26.69
2017;2;26;27.65
2017;2;27;27.53
2017;2;28;26.54
2017;3;1;27.44
2017;3;2;27.23
2017;3;3;23.54
2017;3;4;22.94
2017;3;5;22.73
2017;3;6;23.39
2017;3;7;21.94
2017;3;8;24.12
2017;3;9;24.22
2017;3;10;21.13
2017;3;11;21.9
2017;3;12;19.9
2017;3;13;20.52
2017;3;14;21.12
2017;3;15;20.92
2017;3;16;18.52
2017;3;17;17.44
2017;3;18;18.57
2017;3;19;19.15
2017;3;20;19.88
2017;3;21;20.69
2017;3;22;21.02
2017;3;23;21.45
2017;3;24;21.69
2017;3;25;22.37
2017;3;26;22.32
2017;3;27;22.58
2017;3;28;21.71
2017;3;29;21.62
2017;3;30;21.72
2017;3;31;21.69
2017;4;1;21.64
2017;4;2;21.72
2017;4;3;20.45
2017;4;4;21.26
2017;4;5;21.67
2017;4;6;20.2
2017;4;7;20.81
2017;4;8;22.15
2017;4;9;22
2017;4;10;20.84
2017;4;11;18.25
2017;4;12;16.21
2017;4;13;17.06
2017;4;14;17.37
2017;4;15;17.87
2017;4;16;17.73
2017;4;17;17.45
2017;4;18;17.87
2017;4;19;18.97
2017;4;20;18.92
2017;4;21;18.23
2017;4;22;15.97
2017;4;23;16.91
2017;4;24;17.37
2017;4;25;18.13
2017;4;26;14.12
2017;4;27;15.85
2017;4;28;16.83
2017;4;29;16.96
2017;4;30;17.07
2017;5;1;17.3
2017;5;2;16.79
2017;5;3;17.74
2017;5;4;18.66
2017;5;5;18.33
2017;5;6;18.23
2017;5;7;19.17
2017;5;8;17.89
2017;5;9;15.5
2017;5;10;13.83
2017;5;11;14.61
2017;5;12;16.45
2017;5;13;16.65
2017;5;14;15.63
2017;5;15;15.63
2017;5;16;15.28
2017;5;17;14.83
2017;5;18;17.24
2017;5;19;17.11
2017;5;20;13.4
2017;5;21;13.24
2017;5;22;14.87
2017;5;23;15.46
2017;5;24;15.51
2017;5;25;15.92
2017;5;26;14.51
2017;5;27;12.98
2017;5;28;13.92
2017;5;29;13.93
2017;5;30;12.82
2017;5;31;12.08
2017;6;1;13.43
2017;6;2;12.42
2017;6;3;12.81
2017;6;4;12.58
2017;6;5;11.12
2017;6;6;11.12
2017;6;7;10.79
2017;6;8;12
2017;6;9;11.79
2017;6;10;13.01
2017;6;11;12.15
2017;6;12;10.69
2017;6;13;11.26
2017;6;14;12.68
2017;6;15;14.45
2017;6;16;17.68
2017;6;17;17.21
2017;6;18;10.09
2017;6;19;9.6
2017;6;20;9.74
2017;6;21;10.38
2017;6;22;15.03
2017;6;23;16.46
2017;6;24;17.17
2017;6;25;17.92
2017;6;26;17.12
2017;6;27;15.56
2017;6;28;12.58
2017;6;29;11.57
2017;6;30;11.83
2017;7;1;11.62
2017;7;2;11.01
2017;7;3;11.93
2017;7;4;13.12
2017;7;5;13.66
2017;7;6;11.34
2017;7;7;13.33
2017;7;8;13.65
2017;7;9;11.95
2017;7;10;11.55
2017;7;11;11.4
2017;7;12;13.58
2017;7;13;16.74
2017;7;14;13.24
2017;7;15;13.94
2017;7;16;8.58
2017;7;17;7.66
2017;7;18;9.06
2017;7;19;9.33
2017;7;20;10.62
2017;7;21;10.24
2017;7;22;10.47
2017;7;23;11.88
2017;7;24;11.86
2017;7;25;12.26
2017;7;26;14.28
2017;7;27;16.44
2017;7;28;16.69
2017;7;29;15.25
2017;7;30;12.42
2017;7;31;12.85
2017;8;1;13.05
2017;8;2;11.9
2017;8;3;11.53
2017;8;4;11.23
2017;8;5;11.45
2017;8;6;13.5
2017;8;7;13.94
2017;8;8;13.02
2017;8;9;13.37
2017;8;10;14.2
2017;8;11;14.94
2017;8;12;14.3
2017;8;13;11.93
2017;8;14;12.36
2017;8;15;13.08
2017;8;16;11.3
2017;8;17;12.26
2017;8;18;14.12
2017;8;19;12.67
2017;8;20;11.81
2017;8;21;11.55
2017;8;22;12.01
2017;8;23;14.42
2017;8;24;17.51
2017;8;25;17.45
2017;8;26;14.18
2017;8;27;14.97
2017;8;28;16.83
2017;8;29;16.67
2017;8;30;11.7
2017;8;31;12.3
2017;9;1;14.97
2017;9;2;16.87
2017;9;3;16.6
2017;9;4;13.86
2017;9;5;12.53
2017;9;6;13.71
2017;9;7;14.16
2017;9;8;14.83
2017;9;9;16.07
2017;9;10;16.87
2017;9;11;13.15
2017;9;12;13.6
2017;9;13;13.23
2017;9;14;15.22
2017;9;15;12.39
2017;9;16;12.83
2017;9;17;13.9
2017;9;18;14.05
2017;9;19;15.03
2017;9;20;17.64
2017;9;21;12.74
2017;9;22;13.06
2017;9;23;13.87
2017;9;24;14.05
2017;9;25;15.47
2017;9;26;14.13
2017;9;27;13.01
2017;9;28;14.3
2017;9;29;14.87
2017;9;30;16.44
2017;10;1;15.49
2017;10;2;14.27
2017;10;3;15.29
2017;10;4;17.7
2017;10;5;17.61
2017;10;6;16.12
2017;10;7;14.23
2017;10;8;16.19
2017;10;9;16.84
2017;10;10;14.95
2017;10;11;14.73
2017;10;12;14.57
2017;10;13;14.48
2017;10;14;15.62
2017;10;15;16.57
2017;10;16;18.11
2017;10;17;19.26
2017;10;18;19.3
2017;10;19;15.57
2017;10;20;16.12
2017;10;21;15.23
2017;10;22;12.21
2017;10;23;14.37
2017;10;24;17.06
2017;10;25;17.87
2017;10;26;17.66
2017;10;27;16.83
2017;10;28;16.55
2017;10;29;18.32
2017;10;30;17.75
2017;10;31;18.02
2017;11;1;17.4
2017;11;2;18.23
2017;11;3;18.87
2017;11;4;16.98
2017;11;5;17.21
2017;11;6;17.46
2017;11;7;18.31
2017;11;8;19.95
2017;11;9;20.39
2017;11;10;20.24
2017;11;11;17.56
2017;11;12;17.83
2017;11;13;18.75
2017;11;14;20.87
2017;11;15;21.05
2017;11;16;16.41
2017;11;17;18.7
2017;11;18;15.8
2017;11;19;17.26
2017;11;20;16.42
2017;11;21;15.45
2017;11;22;17.76
2017;11;23;19.43
2017;11;24;14.53
2017;11;25;15.96
2017;11;26;19.17
2017;11;27;16.46
2017;11;28;16.53
2017;11;29;18.59
2017;11;30;19.55
2017;12;1;19.87
2017;12;2;20.14
2017;12;3;19.52
2017;12;4;18.44
2017;12;5;19.61
2017;12;6;20.92
2017;12;7;19.73
2017;12;8;20.95
2017;12;9;23.17
2017;12;10;21.08
2017;12;11;17.34
2017;12;12;21.09
2017;12;13;22.66
2017;12;14;23.51
2017;12;15;25.35
2017;12;16;25.46
2017;12;17;19.42
2017;12;18;18.01
2017;12;19;18.94
2017;12;20;21.72
2017;12;21;23.58
2017;12;22;25.42
2017;12;23;20.23
2017;12;24;18.5
2017;12;25;22.8
2017;12;26;24.87
2017;12;27;22.79
2017;12;28;25.04
2017;12;29;25.21
2017;12;30;25.69
2017;12;31;21.37
2018;1;1;21.33
2018;1;2;23.23
2018;1;3;24.17
2018;1;4;27.21
2018;1;5;23.41
2018;1;6;21.05
2018;1;7;23.08
2018;1;8;24.96
2018;1;9;24.67
2018;1;10;24.95
2018;1;11;26.23
2018;1;12;25.29
2018;1;13;24.71
2018;1;14;21.72
2018;1;15;21.91
2018;1;16;23.16
2018;1;17;23.33
2018;1;18;24.37
2018;1;19;23.96
2018;1;20;24.13
2018;1;21;25.34
2018;1;22;23.48
2018;1;23;24.9
2018;1;24;21.8
2018;1;25;20.53
2018;1;26;23.24
2018;1;27;23.8
2018;1;28;22.73
2018;1;29;22.07
2018;1;30;23.62
2018;1;31;23.62
2018;2;1;24.54
2018;2;2;23.24
2018;2;3;22.53
2018;2;4;23.67
2018;2;5;23.85
2018;2;6;24.58
2018;2;7;25.72
2018;2;8;26.34
2018;2;9;24.39
2018;2;10;22.88
2018;2;11;19.95
2018;2;12;18.44
2018;2;13;20.1
2018;2;14;21.94
2018;2;15;23.13
2018;2;16;23.62
2018;2;17;24.17
2018;2;18;25.68
2018;2;19;24.55
2018;2;20;23.45
2018;2;21;21.37
2018;2;22;20.57
2018;2;23;21.2
2018;2;24;20.93
2018;2;25;21.06
2018;2;26;20.96
2018;2;27;21.73
2018;2;28;21.48
2018;3;1;22.83
2018;3;2;23.28
2018;3;3;23.82
2018;3;4;23.99
2018;3;5;22.1
2018;3;6;19.94
2018;3;7;20.23
2018;3;8;21.34
2018;3;9;22.48
2018;3;10;24.01
2018;3;11;20.27
2018;3;12;19.01
2018;3;13;20.46
2018;3;14;21.8
2018;3;15;18.53
2018;3;16;19.82
2018;3;17;21.84
2018;3;18;21.06
2018;3;19;19.08
2018;3;20;19
2018;3;21;17.51
2018;3;22;18.7
2018;3;23;20.93
2018;3;24;20.05
2018;3;25;16.36
2018;3;26;16.84
2018;3;27;18.37
2018;3;28;20.58
2018;3;29;21.55
2018;3;30;21.9
2018;3;31;21.6
2018;4;1;20.91
2018;4;2;20.39
2018;4;3;19.58
2018;4;4;20.72
2018;4;5;21.73
2018;4;6;20.76
2018;4;7;20.02
2018;4;8;20.05
2018;4;9;21.87
2018;4;10;23.92
2018;4;11;23.93
2018;4;12;18.76
2018;4;13;16.76
2018;4;14;17.81
2018;4;15;19.08
2018;4;16;19.95
2018;4;17;20.99
2018;4;18;20.94
2018;4;19;21.53
2018;4;20;21.72
2018;4;21;21.12
2018;4;22;21.27
2018;4;23;20.16
2018;4;24;20.27
2018;4;25;20.98
2018;4;26;21.97
2018;4;27;22.57
2018;4;28;20.95
2018;4;29;19.81
2018;4;30;18.12
2018;5;1;16.33
2018;5;2;17.37
2018;5;3;19.12
2018;5;4;18.65
2018;5;5;18.76
2018;5;6;18.84
2018;5;7;18.87
2018;5;8;18.56
2018;5;9;19.31
2018;5;10;18.96
2018;5;11;18.4
2018;5;12;16.83
2018;5;13;16.62
2018;5;14;16.34
2018;5;15;16.82
2018;5;16;13.68
2018;5;17;12.69
2018;5;18;13.44
2018;5;19;14.02
2018;5;20;14.54
2018;5;21;14.13
2018;5;22;12.99
2018;5;23;13.37
2018;5;24;14.06
2018;5;25;13.51
2018;5;26;13.1
2018;5;27;15.76
2018;5;28;18.8
2018;5;29;18.66
2018;5;30;15.88
2018;5;31;13.38
2018;6;1;12.04
2018;6;2;11.91
2018;6;3;12.35
2018;6;4;11.65
2018;6;5;10.16
2018;6;6;11.48
2018;6;7;10.74
2018;6;8;10.5
2018;6;9;11.57
2018;6;10;11.77
2018;6;11;12.75
2018;6;12;11.82
2018;6;13;10.08
2018;6;14;8.79
2018;6;15;9.08
2018;6;16;9.08
2018;6;17;9.13
2018;6;18;9.62
2018;6;19;10.46
2018;6;20;13.37
2018;6;21;12.35
2018;6;22;10.73
2018;6;23;10.59
2018;6;24;6.91
2018;6;25;8.4
2018;6;26;9.67
2018;6;27;10.55
2018;6;28;10.92
2018;6;29;10.94
2018;6;30;10.1
2018;7;1;11.64
2018;7;2;10.58
2018;7;3;7.94
2018;7;4;8.32
2018;7;5;9.07
2018;7;6;10.55
2018;7;7;11.43
2018;7;8;10.79
2018;7;9;9.02
2018;7;10;9.42
2018;7;11;9.4
2018;7;12;10.36
2018;7;13;10.74
2018;7;14;12.48
2018;7;15;11.08
2018;7;16;9.15
2018;7;17;11.24
2018;7;18;12.8
2018;7;19;12.51
2018;7;20;9.23
2018;7;21;8.33
2018;7;22;7.26
2018;7;23;8.08
2018;7;24;8.56
2018;7;25;10.48
2018;7;26;12.13
2018;7;27;11.38
2018;7;28;11.14
2018;7;29;10.73
2018;7;30;10.08
2018;7;31;7.92
2018;8;1;7.18
2018;8;2;7.77
2018;8;3;10.26
2018;8;4;10.6
2018;8;5;10.69
2018;8;6;11.26
2018;8;7;11.95
2018;8;8;12.05
2018;8;9;10.3
2018;8;10;10.19
2018;8;11;12.1
2018;8;12;12.37
2018;8;13;12.97
2018;8;14;12
2018;8;15;9.87
2018;8;16;10.82
2018;8;17;12.94
2018;8;18;14.48
2018;8;19;9.21
2018;8;20;8.85
2018;8;21;9.26
2018;8;22;9.68
2018;8;23;9.68
2018;8;24;10.26
2018;8;25;9.08
2018;8;26;10.4
2018;8;27;11.63
2018;8;28;12.22
2018;8;29;14.6
2018;8;30;11.44
2018;8;31;9.87
2018;9;1;10.83
2018;9;2;11.47
2018;9;3;11.71
2018;9;4;12.54
2018;9;5;13.17
2018;9;6;14.87
2018;9;7;14.04
2018;9;8;12.93
2018;9;9;12.82
2018;9;10;12.76
2018;9;11;12.98
2018;9;12;13.01
2018;9;13;13.3
2018;9;14;13.85
2018;9;15;15.63
2018;9;16;16.2
2018;9;17;16.56
2018;9;18;17.09
2018;9;19;15.84
2018;9;20;15.58
2018;9;21;16.73
2018;9;22;19.38
2018;9;23;16.77
2018;9;24;15.69
2018;9;25;15.87
2018;9;26;15.9
2018;9;27;15.39
2018;9;28;16.58
2018;9;29;17.8
2018;9;30;15.51
2018;10;1;12.86
2018;10;2;13.15
2018;10;3;15.03
2018;10;4;14.01
2018;10;5;11.73
2018;10;6;13.05
2018;10;7;16.06
2018;10;8;19.18
2018;10;9;16.71
2018;10;10;15.05
2018;10;11;12.46
2018;10;12;12.69
2018;10;13;15.56
2018;10;14;17.17
2018;10;15;18.35
2018;10;16;18.81
2018;10;17;19.28
2018;10;18;17.87
2018;10;19;15.94
2018;10;20;15.08
2018;10;21;16.42
2018;10;22;17.71
2018;10;23;14.12
2018;10;24;14.8
2018;10;25;16.29
2018;10;26;15.73
2018;10;27;16.23
2018;10;28;17.24
2018;10;29;19.05
2018;10;30;18.34
2018;10;31;16.89
2018;11;1;13.33
2018;11;2;15.2
2018;11;3;16.76
2018;11;4;18.44
2018;11;5;19.74
2018;11;6;18.42
2018;11;7;17.38
2018;11;8;19.85
2018;11;9;22.34
2018;11;10;21.48
2018;11;11;18.97
2018;11;12;21.66
2018;11;13;21.68
2018;11;14;19.94
2018;11;15;20.18
2018;11;16;16.19
2018;11;17;18.84
2018;11;18;17.89
2018;11;19;20.12
2018;11;20;20.9
2018;11;21;22.51
2018;11;22;21.12
2018;11;23;17.9
2018;11;24;17.69
2018;11;25;18.01
2018;11;26;20.35
2018;11;27;20.08
2018;11;28;18.96
2018;11;29;19.02
2018;11;30;19.36
2018;12;1;16.64
2018;12;2;14.99
2018;12;3;17.93
2018;12;4;16.68
2018;12;5;17.27
2018;12;6;15.26
2018;12;7;14.83
2018;12;8;18.94
2018;12;9;21.14
2018;12;10;22.04
2018;12;11;21.75
2018;12;12;21.02
2018;12;13;19.92
2018;12;14;20.41
2018;12;15;20.31
2018;12;16;22.19
2018;12;17;19.95
2018;12;18;18.15
2018;12;19;19.94
2018;12;20;21.53
2018;12;21;21.91
2018;12;22;19.87
2018;12;23;21.14
2018;12;24;22.81
2018;12;25;23.2
2018;12;26;23.44
2018;12;27;24.48
2018;12;28;23.68
2018;12;29;24.98
2018;12;30;22.52
2018;12;31;21.64
2019;1;1;24.55
2019;1;2;25.61
2019;1;3;19.94
2019;1;4;21.06
2019;1;5;23.07
2019;1;6;23.76
2019;1;7;22.08
2019;1;8;24.01
2019;1;9;23.15
2019;1;10;20.76
2019;1;11;19.58
2019;1;12;21.72
2019;1;13;22.3
2019;1;14;22.65
2019;1;15;22.27
2019;1;16;23.23
2019;1;17;20.57
2019;1;18;20.07
2019;1;19;20.1
2019;1;20;21.1
2019;1;21;22.59
2019;1;22;24.99
2019;1;23;22.29
2019;1;24;23.31
2019;1;25;23.22
2019;1;26;25.28
2019;1;27;26.59
2019;1;28;27.48
2019;1;29;28.13
2019;1;30;26.26
2019;1;31;23.55
2019;2;1;24.69
2019;2;2;21.6
2019;2;3;20.45
2019;2;4;20.68
2019;2;5;21.87
2019;2;6;23.44
2019;2;7;24.94
2019;2;8;25.07
2019;2;9;24.98
2019;2;10;27.29
2019;2;11;22.43
2019;2;12;18.87
2019;2;13;20.28
2019;2;14;20.59
2019;2;15;21.5
2019;2;16;23.03
2019;2;17;23.94
2019;2;18;25.11
2019;2;19;26.23
2019;2;20;27.64
2019;2;21;27.54
2019;2;22;26.73
2019;2;23;24.47
2019;2;24;21.87
2019;2;25;19.14
2019;2;26;18.48
2019;2;27;20.81
2019;2;28;19.26
2019;3;1;22.01
2019;3;2;20.05
2019;3;3;20.51
2019;3;4;21.03
2019;3;5;22.55
2019;3;6;24.51
2019;3;7;25.63
2019;3;8;19.45
2019;3;9;19.17
2019;3;10;19.61
2019;3;11;20.24
2019;3;12;20.44
2019;3;13;20
2019;3;14;20.9
2019;3;15;21.76
2019;3;16;22.27
2019;3;17;21.8
2019;3;18;22.12
2019;3;19;18.93
2019;3;20;17.19
2019;3;21;16.44
2019;3;22;17.83
2019;3;23;19.55
2019;3;24;18.49
2019;3;25;17.32
2019;3;26;18.48
2019;3;27;18.47
2019;3;28;18.74
2019;3;29;19.91
2019;3;30;21.11
2019;3;31;20.62
2019;4;1;20.95
2019;4;2;22.07
2019;4;3;18.92
2019;4;4;20.12
2019;4;5;17.72
2019;4;6;17.25
2019;4;7;18.64
2019;4;8;19.29
2019;4;9;19.8
2019;4;10;20.44
2019;4;11;17.78
2019;4;12;16.32
2019;4;13;18.02
2019;4;14;17.89
2019;4;15;17.06
2019;4;16;17.59
2019;4;17;17.98
2019;4;18;18.34
2019;4;19;19.9
2019;4;20;17.71
2019;4;21;16.27
2019;4;22;15.76
2019;4;23;16.19
2019;4;24;17.34
2019;4;25;17.66
2019;4;26;17.88
2019;4;27;17.96
2019;4;28;17.58
2019;4;29;17.85
2019;4;30;15.12
2019;5;1;14.96
2019;5;2;17.34
2019;5;3;17.68
2019;5;4;17.61
2019;5;5;18.2
2019;5;6;16.12
2019;5;7;14.57
2019;5;8;16.04
2019;5;9;17.35
2019;5;10;16.63
2019;5;11;15.27
2019;5;12;15.44
2019;5;13;15.35
2019;5;14;14.3
2019;5;15;14.86
2019;5;16;15.37
2019;5;17;16.44
2019;5;18;17.19
2019;5;19;15.43
2019;5;20;15.44
2019;5;21;16.08
2019;5;22;15.3
2019;5;23;13.51
2019;5;24;13.85
2019;5;25;13.78
2019;5;26;13.78
2019;5;27;14.44
2019;5;28;14.3
2019;5;29;12.97
2019;5;30;12.85
2019;5;31;12.73
2019;6;1;13.25
2019;6;2;13.69
2019;6;3;13.21
2019;6;4;12.3
2019;6;5;13.11
2019;6;6;14.81
2019;6;7;13.99
2019;6;8;13.03
2019;6;9;12.75
2019;6;10;15.21
2019;6;11;14.25
2019;6;12;16.96
2019;6;13;16.85
2019;6;14;15.08
2019;6;15;13.76
2019;6;16;14.85
2019;6;17;16.11
2019;6;18;13.71
2019;6;19;12.38
2019;6;20;12.13
2019;6;21;13.01
2019;6;22;15.44
2019;6;23;16.2
2019;6;24;14.52
2019;6;25;11.38
2019;6;26;10.62
2019;6;27;10.08
2019;6;28;11.64
2019;6;29;13.51
2019;6;30;11.18
2019;7;1;8.37
2019;7;2;9.83
2019;7;3;8.05
2019;7;4;7.45
2019;7;5;7.57
2019;7;6;6.91
2019;7;7;7.33
2019;7;8;8.27
2019;7;9;10.37
2019;7;10;10.44
2019;7;11;12.2
2019;7;12;11.98
2019;7;13;8.73
2019;7;14;9.17
2019;7;15;8.69
2019;7;16;9.85
2019;7;17;9.48
2019;7;18;11.02
2019;7;19;12.6
2019;7;20;14.36
2019;7;21;16.23
2019;7;22;11.3
2019;7;23;10.65
2019;7;24;9.65
2019;7;25;10.69
2019;7;26;11.65
2019;7;27;9.84
2019;7;28;9.08
2019;7;29;9.77
2019;7;30;10.69
2019;7;31;12.38
2019;8;1;11.78
2019;8;2;9.86
2019;8;3;9.22
2019;8;4;9.62
2019;8;5;10.18
2019;8;6;12.46
2019;8;7;11.33
2019;8;8;11.01
2019;8;9;9.96
2019;8;10;10.19
2019;8;11;10.28
2019;8;12;10.15
2019;8;13;7.16
2019;8;14;7.83
2019;8;15;9.12
2019;8;16;13
2019;8;17;11.24
2019;8;18;8.23
2019;8;19;6.96
2019;8;20;7.31
2019;8;21;8.33
2019;8;22;9.29
2019;8;23;10.38
2019;8;24;10.36
2019;8;25;12.39
2019;8;26;14.41
2019;8;27;14.94
2019;8;28;16.36
2019;8;29;15.05
2019;8;30;11.7
2019;8;31;11.84
2019;9;1;10.03
2019;9;2;9.67
2019;9;3;8.23
2019;9;4;7.76
2019;9;5;8.01
2019;9;6;11.32
2019;9;7;12.62
2019;9;8;11.9
2019;9;9;12.05
2019;9;10;11.78
2019;9;11;11.19
2019;9;12;11.03
2019;9;13;11.26
2019;9;14;12.87
2019;9;15;14.34
2019;9;16;12.9
2019;9;17;13.37
2019;9;18;12.9
2019;9;19;12.89
2019;9;20;13.11
2019;9;21;13.64
2019;9;22;11.4
2019;9;23;12.01
2019;9;24;14.64
2019;9;25;15.3
2019;9;26;14.25
2019;9;27;12.92
2019;9;28;14.46
2019;9;29;16.25
2019;9;30;16.48
2019;10;1;13.65
2019;10;2;12.63
2019;10;3;11.59
2019;10;4;13.26
2019;10;5;13.1
2019;10;6;13.78
2019;10;7;15.07
2019;10;8;16.08
2019;10;9;16.66
2019;10;10;18.51
2019;10;11;17.55
2019;10;12;16.42
2019;10;13;13.94
2019;10;14;10.71
2019;10;15;13.2
2019;10;16;14.97
2019;10;17;16.37
2019;10;18;16.04
2019;10;19;13.66
2019;10;20;13.5
2019;10;21;13.64
2019;10;22;15.28
2019;10;23;15.08
2019;10;24;15.98
2019;10;25;18.57
2019;10;26;19.89
2019;10;27;19.55
2019;10;28;18.68
2019;10;29;16.6
2019;10;30;17.09
2019;10;31;16.9
2019;11;1;18.48
2019;11;2;19.79
2019;11;3;17.33
2019;11;4;18.34
2019;11;5;18.08
2019;11;6;18.54
2019;11;7;18.45
2019;11;8;17.18
2019;11;9;17.22
2019;11;10;18.15
2019;11;11;18.01
2019;11;12;19.62
2019;11;13;21.66
2019;11;14;20.01
2019;11;15;20.15
2019;11;16;20.51
2019;11;17;22.87
2019;11;18;23.28
2019;11;19;22.12
2019;11;20;24.48
2019;11;21;24.44
2019;11;22;19.83
2019;11;23;18.03
2019;11;24;19.06
2019;11;25;19.52
2019;11;26;18.62
2019;11;27;20.58
2019;11;28;21.31
2019;11;29;22.23
2019;11;30;21.44
2019;12;1;17.64
2019;12;2;18.12
2019;12;3;19.49
2019;12;4;19.62
2019;12;5;17.03
2019;12;6;19.14
2019;12;7;17.11
2019;12;8;21.44
2019;12;9;23.02
2019;12;10;25.64
2019;12;11;24.91
2019;12;12;21.16
2019;12;13;18.23
2019;12;14;22.11
2019;12;15;19.06
2019;12;16;20.44
2019;12;17;20.27
2019;12;18;23.54
2019;12;19;23.91
2019;12;20;22.92
2019;12;21;17.94
2019;12;22;17.76
2019;12;23;21.17
2019;12;24;23.53
2019;12;25;20
2019;12;26;21.19
2019;12;27;24.33
2019;12;28;25.43
2019;12;29;24.83
2019;12;30;24.53
2019;12;31;22.61
2020;1;1;21.79
2020;1;2;21.42
2020;1;3;22.06
2020;1;4;22.31
2020;1;5;23.85
2020;1;6;23.3
2020;1;7;23.28
2020;1;8;24.7
2020;1;9;23.33
2020;1;10;22.8
2020;1;11;23.95
2020;1;12;22.05
2020;1;13;22.47
2020;1;14;24.83
2020;1;15;23.03
2020;1;16;19.88
2020;1;17;19.36
2020;1;18;22.73
2020;1;19;25.08
2020;1;20;25.86
2020;1;21;24.66
2020;1;22;24.18
2020;1;23;24.32
2020;1;24;25.1
2020;1;25;24.4
2020;1;26;22.98
2020;1;27;19.63
2020;1;28;22
2020;1;29;21.23
2020;1;30;19.64
2020;1;31;20.58
2020;2;1;22.44
2020;2;2;25.09
2020;2;3;25.88
2020;2;4;26.07
2020;2;5;26.63
2020;2;6;27.81
2020;2;7;26.01
2020;2;8;22.07
2020;2;9;19.49
2020;2;10;19.96
2020;2;11;21.68
2020;2;12;22.94
2020;2;13;24.59
2020;2;14;23.41
2020;2;15;23.85
2020;2;16;26.62
2020;2;17;25.98
2020;2;18;22.47
2020;2;19;23.28
2020;2;20;19.69
2020;2;21;17.44
2020;2;22;17.76
2020;2;23;20.37
2020;2;24;22.43
2020;2;25;20.13
2020;2;26;19.37
2020;2;27;21.64
2020;2;28;21.77
2020;2;29;22.58
2020;3;1;24.19
2020;3;2;24.33
2020;3;3;23.62
2020;3;4;23.03
2020;3;5;22.83
2020;3;6;22.73
2020;3;7;23.81
2020;3;8;24.92
2020;3;9;21.62
2020;3;10;21.55
2020;3;11;21.57
2020;3;12;22.38
2020;3;13;24.72
2020;3;14;22.55
2020;3;15;19.84
2020;3;16;19.88
2020;3;17;20.84
2020;3;18;20.73
2020;3;19;20.01
2020;3;20;21.14
2020;3;21;22.23
2020;3;22;22.65
2020;3;23;22.55
2020;3;24;24.09
2020;3;25;22.46
2020;3;26;22.68
2020;3;27;23.44
2020;3;28;23.6
2020;3;29;23.37
2020;3;30;22.5
2020;3;31;20.58
2020;4;1;21.73
2020;4;2;18.79
2020;4;3;19.09
2020;4;4;19.48
2020;4;5;20.37
2020;4;6;17.51
2020;4;7;15.39
2020;4;8;16.03
2020;4;9;17.4
2020;4;10;17.88
2020;4;11;17.92
2020;4;12;19.05
2020;4;13;18.08
2020;4;14;16.18
2020;4;15;16.65
2020;4;16;17.01
2020;4;17;17.62
2020;4;18;17.73
2020;4;19;18.79
2020;4;20;19.27
2020;4;21;17.88
2020;4;22;17.47
2020;4;23;18.7
2020;4;24;19.83
2020;4;25;18.48
2020;4;26;17.88
2020;4;27;18.07
2020;4;28;18.78
2020;4;29;16.75
2020;4;30;16.29
2020;5;1;16.31
2020;5;2;16.04
2020;5;3;15.78
2020;5;4;16.07
2020;5;5;14.53
2020;5;6;13.94
2020;5;7;14.2
2020;5;8;14.32
2020;5;9;14.55
2020;5;10;16.26
2020;5;11;15.48
2020;5;12;14.42
2020;5;13;14.31
2020;5;14;12.4
2020;5;15;14.02
2020;5;16;16.44
2020;5;17;15.84
2020;5;18;15.92
2020;5;19;16.46
2020;5;20;17.75
2020;5;21;15.9
2020;5;22;15.23
2020;5;23;14.6
2020;5;24;13.77
2020;5;25;13.89
2020;5;26;12.34
2020;5;27;13.1
2020;5;28;13.88
2020;5;29;14.29
2020;5;30;14.02
2020;5;31;11.14
2020;6;1;11.58
2020;6;2;11.66
2020;6;3;11.23
2020;6;4;11.57
2020;6;5;13.01
2020;6;6;14.2
2020;6;7;13.49
2020;6;8;13.3
2020;6;9;12.96
2020;6;10;12.41
2020;6;11;12.87
2020;6;12;14.06
2020;6;13;9.39
2020;6;14;8.9
2020;6;15;10.73
2020;6;16;15.12
2020;6;17;17.9
2020;6;18;14.05
2020;6;19;12.76
2020;6;20;12.76
2020;6;21;12.82
2020;6;22;12.62
2020;6;23;13.93
2020;6;24;13.31
2020;6;25;10.72
2020;6;26;9.93
2020;6;27;10.05
2020;6;28;9.89
2020;6;29;10.64
2020;6;30;11.4
2020;7;1;9.52
2020;7;2;8.87
2020;7;3;9.8
2020;7;4;10.3
2020;7;5;10.03
2020;7;6;8.8
2020;7;7;8.76
2020;7;8;9.38
2020;7;9;8.76
2020;7;10;9.66
2020;7;11;8.82
2020;7;12;9.3
2020;7;13;7.44
2020;7;14;6.94
2020;7;15;7.74
2020;7;16;8.24
2020;7;17;9.95
2020;7;18;12.83
2020;7;19;15.1
2020;7;20;15.8
2020;7;21;12.61
2020;7;22;13
2020;7;23;12
2020;7;24;8.53
2020;7;25;8.12
2020;7;26;9.15
2020;7;27;8.77
2020;7;28;7.1
2020;7;29;8.07
2020;7;30;7.9
2020;7;31;7.85
2020;8;1;10.7
2020;8;2;13.11
2020;8;3;14.45
2020;8;4;16.05
2020;8;5;16.27
2020;8;6;12.59
2020;8;7;11.19
2020;8;8;14.53
2020;8;9;14.88
2020;8;10;13.31
2020;8;11;8.47
2020;8;12;9.29
2020;8;13;9.74
2020;8;14;11.24
2020;8;15;10.28
2020;8;16;9.87
2020;8;17;10.67
2020;8;18;10.85
2020;8;19;8.16
2020;8;20;7.43
2020;8;21;9.9
2020;8;22;10.42
2020;8;23;11.15
2020;8;24;13.48
2020;8;25;14.32
2020;8;26;15.46
2020;8;27;12.25
2020;8;28;13.26
2020;8;29;11.57
2020;8;30;8.26
2020;8;31;9.42
2020;9;1;8.83
2020;9;2;11.17
2020;9;3;9.82
2020;9;4;10.78
2020;9;5;10.36
2020;9;6;9.31
2020;9;7;10.39
2020;9;8;11.89
2020;9;9;13.2
2020;9;10;13.28
2020;9;11;12.5
2020;9;12;10.98
2020;9;13;11.39
2020;9;14;10.44
2020;9;15;10.98
2020;9;16;11.64
2020;9;17;14.42
2020;9;18;13.82
2020;9;19;10.98
2020;9;20;11.76
2020;9;21;8.9
2020;9;22;11.03
2020;9;23;13.39
2020;9;24;13.92
2020;9;25;13.7
2020;9;26;14.69
2020;9;27;14.84
2020;9;28;13.08
2020;9;29;15.05
2020;9;30;16.44
2020;10;1;14.16
2020;10;2;10.69
2020;10;3;9.26
2020;10;4;12.67
2020;10;5;12.82
2020;10;6;13.52
2020;10;7;14.81
2020;10;8;13.59
2020;10;9;14.03
2020;10;10;13.26
2020;10;11;14.19
2020;10;12;13.78
2020;10;13;13.92
2020;10;14;15.16
2020;10;15;15.16
2020;10;16;17.75
2020;10;17;18.17
2020;10;18;21.91
2020;10;19;19.15
2020;10;20;13.3
2020;10;21;14.47
2020;10;22;15.42
2020;10;23;16.76
2020;10;24;17.65
2020;10;25;19.94
2020;10;26;15.22
2020;10;27;14.53
2020;10;28;16.01
2020;10;29;13.79
2020;10;30;13.12
2020;10;31;14.25
2020;11;1;15.95
2020;11;2;16.37
2020;11;3;16.9
2020;11;4;16.82
2020;11;5;17.58
2020;11;6;17.87
2020;11;7;17.99
2020;11;8;17.58
2020;11;9;16.73
2020;11;10;17.65
2020;11;11;18.01
2020;11;12;18.01
2020;11;13;18.72
2020;11;14;19.06
2020;11;15;18.29
2020;11;16;17.05
2020;11;17;19.44
2020;11;18;18.9
2020;11;19;17.6
2020;11;20;18.65
2020;11;21;19.47
2020;11;22;20.01
2020;11;23;21.71
2020;11;24;22.08
2020;11;25;21.73
2020;11;26;19.75
2020;11;27;20.93
2020;11;28;22.34
2020;11;29;22.4
2020;11;30;17.55
2020;12;1;19.72
2020;12;2;22.6
2020;12;3;19.83
2020;12;4;16.94
2020;12;5;15.65
2020;12;6;16.71
2020;12;7;19.77
2020;12;8;20.5
2020;12;9;23.1
2020;12;10;25.08
2020;12;11;22.69
2020;12;12;24.18
2020;12;13;20.83
2020;12;14;21.58
2020;12;15;18.58
2020;12;16;19.84
2020;12;17;22.65
2020;12;18;24.93
2020;12;19;21.73
2020;12;20;17.77
2020;12;21;17.24
2020;12;22;20.19
2020;12;23;22.62
2020;12;24;23.48
2020;12;25;23.31
2020;12;26;22.99
2020;12;27;23.16
2020;12;28;23.57
2020;12;29;23.69
2020;12;30;22.19
2020;12;31;20.43
2021;1;1;21.78
2021;1;2;22.45
2021;1;3;22.51
2021;1;4;23.41
2021;1;5;24.01
2021;1;6;23.77
2021;1;7;23.4
2021;1;8;22.01
2021;1;9;21.11
2021;1;10;24.51
2021;1;11;22.76
2021;1;12;20.05
2021;1;13;20.69
2021;1;14;21.78
2021;1;15;23.27
2021;1;16;23.24
2021;1;17;20.23
2021;1;18;21.29
2021;1;19;23.56
2021;1;20;23.48
2021;1;21;23.73
2021;1;22;24.31
2021;1;23;25.14
2021;1;24;25.26
2021;1;25;25.04
2021;1;26;25.67
2021;1;27;23.4
2021;1;28;23.19
2021;1;29;23.25
2021;1;30;21.87
2021;1;31;20.62
2021;2;1;21.86
2021;2;2;22.43
2021;2;3;21.96
2021;2;4;21.17
2021;2;5;19.84
2021;2;6;22.13
2021;2;7;22.6
2021;2;8;20.46
2021;2;9;20.79
2021;2;10;22.08
2021;2;11;21.94
2021;2;12;22
2021;2;13;22.92
2021;2;14;23.41
2021;2;15;22.49
2021;2;16;21.32
2021;2;17;21.4
2021;2;18;21.74
2021;2;19;22.26
2021;2;20;20.79
2021;2;21;22.67
2021;2;22;22.37
2021;2;23;21.62
2021;2;24;21.87
2021;2;25;23.31
2021;2;26;23.38
2021;2;27;23.23
2021;2;28;23.65
2021;3;1;23.59
2021;3;2;24.24
2021;3;3;23.96
2021;3;4;23.33
2021;3;5;20.92
2021;3;6;20.7
2021;3;7;22.46
2021;3;8;22.16
2021;3;9;20.2
2021;3;10;21.82
2021;3;11;23.34
2021;3;12;22.12
2021;3;13;20.55
2021;3;14;21.24
2021;3;15;22.25
2021;3;16;22.55
2021;3;17;20.18
2021;3;18;17.91
2021;3;19;19.28
2021;3;20;20.55
2021;3;21;19.65
2021;3;22;20.67
2021;3;23;20.55
2021;3;24;21.83
2021;3;25;20.63
2021;3;26;21.51
2021;3;27;21.84
2021;3;28;20.45
2021;3;29;19.86
2021;3;30;19.33
2021;3;31;19.61
2021;4;1;19.57
2021;4;2;19.83
2021;4;3;19.94
2021;4;4;20.96
2021;4;5;22.39
2021;4;6;22.05
2021;4;7;22.57
2021;4;8;22.79
2021;4;9;21.98
2021;4;10;20.6
2021;4;11;19.77
2021;4;12;19.4
2021;4;13;19.27
2021;4;14;18.87
2021;4;15;20.17
2021;4;16;20.08
2021;4;17;20.01
2021;4;18;19.85
2021;4;19;19.64
2021;4;20;19.83
2021;4;21;20.15
2021;4;22;20.28
2021;4;23;20.38
2021;4;24;18.68
2021;4;25;17.48
2021;4;26;17.09
2021;4;27;17.08
2021;4;28;17.4
2021;4;29;17.87
2021;4;30;17.03
2021;5;1;17.71
2021;5;2;19.04
2021;5;3;19.75
2021;5;4;15.94
2021;5;5;14.05
2021;5;6;14.31
2021;5;7;15.37
2021;5;8;14.7
2021;5;9;15.61
2021;5;10;15.26
2021;5;11;13.7
2021;5;12;13.99
2021;5;13;14.14
2021;5;14;14.34
2021;5;15;13.9
2021;5;16;14.1
2021;5;17;13.87
2021;5;18;13.25
2021;5;19;13.51
2021;5;20;14.31
2021;5;21;15.17
2021;5;22;13.94
2021;5;23;13.66
2021;5;24;13.22
2021;5;25;12.6
2021;5;26;12.91
2021;5;27;14.29
2021;5;28;13.69
2021;5;29;11.13
2021;5;30;10.33
2021;5;31;12.38
2021;6;1;13.12
2021;6;2;12.49
2021;6;3;12.51
2021;6;4;14.9
2021;6;5;12.88
2021;6;6;10.98
2021;6;7;11.37
2021;6;8;13.26
2021;6;9;14.55
2021;6;10;13.81
2021;6;11;11.1
2021;6;12;13.05
2021;6;13;13.78
2021;6;14;12.15
2021;6;15;10.34
2021;6;16;10.05
2021;6;17;9.49
2021;6;18;8.8
2021;6;19;9.83
2021;6;20;9.54
2021;6;21;9.35
2021;6;22;10.75
2021;6;23;13.18
2021;6;24;12.58
2021;6;25;11.62
2021;6;26;11.32
2021;6;27;8.76
2021;6;28;8.17
2021;6;29;10.15
2021;6;30;10.55
2021;7;1;10.23
2021;7;2;9.94
2021;7;3;9.61
2021;7;4;9.79
2021;7;5;9.25
2021;7;6;11.58
2021;7;7;13.5
2021;7;8;14.03
2021;7;9;14.19
2021;7;10;12.11
2021;7;11;10.17
2021;7;12;12.69
2021;7;13;11.67
2021;7;14;10.63
2021;7;15;10.69
2021;7;16;9.77
2021;7;17;9.11
2021;7;18;8.95
2021;7;19;8.6
2021;7;20;9.05
2021;7;21;10.12
2021;7;22;11
2021;7;23;13.31
2021;7;24;13.11
2021;7;25;14.34
2021;7;26;10.12
2021;7;27;7.36
2021;7;28;7.32
2021;7;29;7.83
2021;7;30;8.88
2021;7;31;9.03
2021;8;1;9.26
2021;8;2;8.9
2021;8;3;9.91
2021;8;4;9.96
2021;8;5;11.83
2021;8;6;13.8
2021;8;7;15.19
2021;8;8;11.06
2021;8;9;9.62
2021;8;10;8.05
2021;8;11;8.35
2021;8;12;8.72
2021;8;13;8.48
2021;8;14;10.26
2021;8;15;11.59
2021;8;16;11.95
2021;8;17;12.3
2021;8;18;14.08
2021;8;19;13.32
2021;8;20;12.19
2021;8;21;11.72
2021;8;22;12.3
2021;8;23;10.74
2021;8;24;10.19
2021;8;25;10.37
2021;8;26;11.68
2021;8;27;10.08
2021;8;28;11.48
2021;8;29;12.4
2021;8;30;15.14
2021;8;31;17.58
2021;9;1;15.27
2021;9;2;13.37
2021;9;3;12.84
2021;9;4;12.87
2021;9;5;12.62
2021;9;6;13.62
2021;9;7;14.15
2021;9;8;13.4
2021;9;9;13.73
2021;9;10;13.14
2021;9;11;13.94
2021;9;12;15.93
2021;9;13;14.11
2021;9;14;12.54
2021;9;15;12.56
2021;9;16;14.37
2021;9;17;14.48
2021;9;18;14.57
2021;9;19;15.3
2021;9;20;14.37
2021;9;21;10.9
2021;9;22;13.16
2021;9;23;13.08
2021;9;24;13.41
2021;9;25;15.26
2021;9;26;15.73
2021;9;27;13.73
2021;9;28;13.9
2021;9;29;14.26
2021;9;30;16.07
2021;10;1;15.78
2021;10;2;15.41
2021;10;3;13.03
2021;10;4;14.11
2021;10;5;15.1
2021;10;6;12.7
2021;10;7;10.64
2021;10;8;11.32
2021;10;9;14.27
2021;10;10;15.31
2021;10;11;15.31
2021;10;12;16.58
2021;10;13;17.17
2021;10;14;16.36
2021;10;15;13.21
2021;10;16;13.19
2021;10;17;15.21
2021;10;18;14.51
2021;10;19;14.15
2021;10;20;16.61
2021;10;21;17.57
2021;10;22;17.33
2021;10;23;15.78
2021;10;24;16.06
2021;10;25;18.7
2021;10;26;21.37
2021;10;27;21.52
2021;10;28;22.33
2021;10;29;20.84
2021;10;30;21.17
2021;10;31;18.99
2021;11;1;18.44
2021;11;2;19.94
2021;11;3;19.01
2021;11;4;19.9
2021;11;5;16.08
2021;11;6;15.42
2021;11;7;16
2021;11;8;18.64
2021;11;9;17.66
2021;11;10;17.46
2021;11;11;17.21
2021;11;12;17.3
2021;11;13;18.66
2021;11;14;19.27
2021;11;15;20.67
2021;11;16;17.98
2021;11;17;14.47
2021;11;18;17.27
2021;11;19;18.51
2021;11;20;20.34
2021;11;21;23.37
2021;11;22;22.27
2021;11;23;16.83
2021;11;24;21.95
2021;11;25;20.82
2021;11;26;20.45
2021;11;27;20.6
2021;11;28;20.5
2021;11;29;19.82
2021;11;30;18.31
2021;12;1;18.03
2021;12;2;18.18
2021;12;3;18.57
2021;12;4;19.44
2021;12;5;19.54
2021;12;6;19.71
2021;12;7;20.72
2021;12;8;20.52
2021;12;9;20.99
2021;12;10;20.17
2021;12;11;20.2
2021;12;12;23.47
2021;12;13;21.46
2021;12;14;21.05
2021;12;15;21.22
2021;12;16;20.03
2021;12;17;20.6
2021;12;18;21.52
2021;12;19;22.17
2021;12;20;22.13
2021;12;21;21.3
2021;12;22;21.76
2021;12;23;21.73
2021;12;24;23.73
2021;12;25;22.66
2021;12;26;22.85
2021;12;27;21.5
2021;12;28;24.92
2021;12;29;27.26
2021;12;30;26.18
2021;12;31;24.95
2022;1;1;23.34
2022;1;2;25.14
2022;1;3;26.79
2022;1;4;24.65
2022;1;5;20.28
2022;1;6;21.51
2022;1;7;22.65
2022;1;8;23.35
2022;1;9;24.07
2022;1;10;24.33
2022;1;11;26.28
2022;1;12;23.41
2022;1;13;25.44
2022;1;14;28.62
2022;1;15;28.68
2022;1;16;27.36
2022;1;17;23.53
2022;1;18;22.96
2022;1;19;23.74
2022;1;20;25.26
2022;1;21;25.93
2022;1;22;26.42
2022;1;23;24.02
2022;1;24;24.86
2022;1;25;25.45
2022;1;26;23.04
2022;1;27;19.27
2022;1;28;20.47
2022;1;29;22.57
2022;1;30;23.51
2022;1;31;20.79
2022;2;1;20.85
2022;2;2;23.68
2022;2;3;22.63
2022;2;4;22.69
2022;2;5;21.31
2022;2;6;19.09
2022;2;7;19.6
2022;2;8;19.71
2022;2;9;20.74
2022;2;10;22.56
2022;2;11;22.13
2022;2;12;18.64
2022;2;13;19.05
2022;2;14;22.51
2022;2;15;24.12
2022;2;16;24.52
2022;2;17;19.77
2022;2;18;20.55
2022;2;19;22.04
2022;2;20;22.26
2022;2;21;21.43
2022;2;22;21.1
2022;2;23;21.5
2022;2;24;21.65
2022;2;25;23.67
2022;2;26;23.62
2022;2;27;23.93
2022;2;28;22.32
2022;3;1;21.08
2022;3;2;22.19
2022;3;3;20.74
2022;3;4;23.76
2022;3;5;23.32
2022;3;6;22.72
2022;3;7;21.94
2022;3;8;22.04
2022;3;9;21.98
2022;3;10;20
2022;3;11;19.4
2022;3;12;17.57
2022;3;13;18.3
2022;3;14;20.43
2022;3;15;21.99
2022;3;16;22.73
2022;3;17;23.83
2022;3;18;17.91
2022;3;19;16.96
2022;3;20;16.83
2022;3;21;19.12
2022;3;22;20.27
2022;3;23;21.61
2022;3;24;18.87
2022;3;25;16.52
2022;3;26;19.05
2022;3;27;20.22
2022;3;28;20.8
2022;3;29;20.25
2022;3;30;14.79
2022;3;31;14.94
2022;4;1;16.01
2022;4;2;16.83
2022;4;3;17.55
2022;4;4;16.71
2022;4;5;17.49
2022;4;6;19.66
2022;4;7;19.69
2022;4;8;19.78
2022;4;9;20.32
2022;4;10;20.87
2022;4;11;20.24
2022;4;12;18.01
2022;4;13;16.08
2022;4;14;15.88
2022;4;15;16.35
2022;4;16;17.3
2022;4;17;17.57
2022;4;18;18.7
2022;4;19;19.06
2022;4;20;20.01
2022;4;21;17.69
2022;4;22;15.93
2022;4;23;16.08
2022;4;24;17.78
2022;4;25;18.66
2022;4;26;19.65
2022;4;27;17.65
2022;4;28;14.97
2022;4;29;12.24
2022;4;30;12.83
2022;5;1;13.81
2022;5;2;13.62
2022;5;3;14.26
2022;5;4;14.83
2022;5;5;15.4
2022;5;6;16.44
2022;5;7;16.98
2022;5;8;16.56
2022;5;9;15.65
2022;5;10;15.76
2022;5;11;14.49
2022;5;12;14.62
2022;5;13;14.56
2022;5;14;14.45
2022;5;15;12.81
2022;5;16;12.99
2022;5;17;13.89
2022;5;18;13.35
2022;5;19;11.89
2022;5;20;12.68
2022;5;21;13.23
2022;5;22;13.26
2022;5;23;12.76
2022;5;24;14.08
2022;5;25;12.48
2022;5;26;11.97
2022;5;27;12.02
2022;5;28;11.55
2022;5;29;9.86
2022;5;30;8.62
2022;5;31;8.3
2022;6;1;8.94
2022;6;2;8.78
2022;6;3;9.05
2022;6;4;9.78
2022;6;5;10.87
2022;6;6;10.88
2022;6;7;10.63
2022;6;8;10.03
2022;6;9;10.33
2022;6;10;8.44
2022;6;11;8.89
2022;6;12;9.62
2022;6;13;9.51
2022;6;14;10.4
2022;6;15;11.12
2022;6;16;11.4
2022;6;17;10.12
2022;6;18;9.07
2022;6;19;9.14
2022;6;20;9.55
2022;6;21;9.27
2022;6;22;8.4
2022;6;23;8.46
2022;6;24;8.82
2022;6;25;7.92
2022;6;26;8.21
2022;6;27;8.78
2022;6;28;7.98
2022;6;29;9.94
2022;6;30;9.02
2022;7;1;8.56
2022;7;2;9.01
2022;7;3;7.5
2022;7;4;9.3
2022;7;5;9.89
2022;7;6;10.97
2022;7;7;9.48
2022;7;8;9.4
2022;7;9;13.43
2022;7;10;15.31
2022;7;11;10.35
2022;7;12;7.56
2022;7;13;8.4
2022;7;14;10.03
2022;7;15;11.14
2022;7;16;9.5
2022;7;17;8.28
2022;7;18;9.06
2022;7;19;9.34
2022;7;20;10.45
2022;7;21;11.15
2022;7;22;10.44
2022;7;23;14
2022;7;24;13.08
2022;7;25;12.8
2022;7;26;16.15
2022;7;27;15.98
2022;7;28;10.82
2022;7;29;9.81
2022;7;30;11.77
2022;7;31;11.9
2022;8;1;10.61
2022;8;2;12.19
2022;8;3;11.64
2022;8;4;10
2022;8;5;9.42
2022;8;6;9.42
2022;8;7;9.34
2022;8;8;10.5
2022;8;9;9.94
2022;8;10;9.73
2022;8;11;10.87
2022;8;12;12.17
2022;8;13;14.51
2022;8;14;15.33
2022;8;15;13.13
2022;8;16;11.26
2022;8;17;10
2022;8;18;8.69
2022;8;19;9.98
2022;8;20;9.97
2022;8;21;9.75
2022;8;22;10.26
2022;8;23;11.85
2022;8;24;13.76
2022;8;25;16.91
2022;8;26;16.55
2022;8;27;13.21
2022;8;28;8.36
2022;8;29;10.04
2022;8;30;10.69
2022;8;31;13.37
2022;9;1;13.38
2022;9;2;10.52
2022;9;3;10.58
2022;9;4;12.16
2022;9;5;13.45
2022;9;6;13.8
2022;9;7;15.73
2022;9;8;15.45
2022;9;9;10.98
2022;9;10;10.15
2022;9;11;10.93
2022;9;12;11.44
2022;9;13;12.55
2022;9;14;12.63
2022;9;15;12.9
2022;9;16;15.2
2022;9;17;15.55
2022;9;18;15.76
2022;9;19;15.29
2022;9;20;12.02
2022;9;21;11.61
2022;9;22;11.11
2022;9;23;13.02
2022;9;24;14.16
2022;9;25;14.2
2022;9;26;15.05
2022;9;27;15.06
2022;9;28;11.55
2022;9;29;11.98
2022;9;30;14.02
2022;10;1;14.44
2022;10;2;14.52
2022;10;3;12.53
2022;10;4;13.98
2022;10;5;15.52
2022;10;6;15.01
2022;10;7;16.6
2022;10;8;14.4
2022;10;9;11.61
2022;10;10;12.66
2022;10;11;12.43
2022;10;12;16.65
2022;10;13;13.87
2022;10;14;12.07
2022;10;15;13.81
2022;10;16;14.58
2022;10;17;15.05
2022;10;18;15.81
2022;10;19;17.23
2022;10;20;16.92
2022;10;21;16.6
2022;10;22;13.6
2022;10;23;14.88
2022;10;24;17.55
2022;10;25;19.02
2022;10;26;17.93
2022;10;27;18.26
2022;10;28;20.34
2022;10;29;19.41
2022;10;30;14.94
2022;10;31;13.03
2022;11;1;12.62
2022;11;2;17.16
2022;11;3;16.31
2022;11;4;16.58
2022;11;5;17.58
2022;11;6;17.87
2022;11;7;17.96
2022;11;8;17.46
2022;11;9;18.27
2022;11;10;19.1
2022;11;11;20.17
2022;11;12;19.58
2022;11;13;20.26
2022;11;14;18.8
2022;11;15;19.78
2022;11;16;21.59
2022;11;17;21.34
2022;11;18;22.8
2022;11;19;24.14
2022;11;20;22.73
2022;11;21;19.06
2022;11;22;17.65
2022;11;23;21.58
2022;11;24;23.18
2022;11;25;20.22
2022;11;26;22.19
2022;11;27;23.3
2022;11;28;24.17
2022;11;29;24.52
2022;11;30;23.75
2022;12;1;21.77
2022;12;2;19.65
2022;12;3;20.04
2022;12;4;21.95
2022;12;5;24.72
2022;12;6;25.01
2022;12;7;26.33
2022;12;8;26.69
2022;12;9;27.31
2022;12;10;24.29
2022;12;11;25.71
2022;12;12;21.48
2022;12;13;20.73
2022;12;14;24.23
2022;12;15;21
2022;12;16;18.72
2022;12;17;20.43
2022;12;18;22.08
2022;12;19;22.96
2022;12;20;23
2022;12;21;22.51
2022;12;22;23.21
2022;12;23;23.3
2022;12;24;20.46
2022;12;25;18
2022;12;26;19.59
2022;12;27;22.22
2022;12;28;21.29
2022;12;29;20.46
2022;12;30;25.05
2022;12;31;22.44
