2007;1;1;29.58
2007;1;2;26.6
2007;1;3;24.01
2007;1;4;25.57
2007;1;5;22.99
2007;1;6;21.71
2007;1;7;23.43
2007;1;8;25.14
2007;1;9;27.64
2007;1;10;25.01
2007;1;11;25.83
2007;1;12;26.25
2007;1;13;24.74
2007;1;14;19.83
2007;1;15;22.76
2007;1;16;23.53
2007;1;17;23.63
2007;1;18;26.5
2007;1;19;23.76
2007;1;20;25.25
2007;1;21;26.15
2007;1;22;25.08
2007;1;23;25.86
2007;1;24;26.88
2007;1;25;25.9
2007;1;26;25.55
2007;1;27;23.76
2007;1;28;24.2
2007;1;29;22.62
2007;1;30;23.93
2007;1;31;25.45
2007;2;1;27.44
2007;2;2;28.94
2007;2;3;29.57
2007;2;4;24.55
2007;2;5;24.12
2007;2;6;24.87
2007;2;7;23.56
2007;2;8;23.89
2007;2;9;25.62
2007;2;10;25.89
2007;2;11;23.42
2007;2;12;23.73
2007;2;13;24.8
2007;2;14;26.9
2007;2;15;26.52
2007;2;16;25.8
2007;2;17;19.27
2007;2;18;18.62
2007;2;19;20.8
2007;2;20;21.96
2007;2;21;24.04
2007;2;22;25.81
2007;2;23;24.24
2007;2;24;25.73
2007;2;25;27.96
2007;2;26;28.41
2007;2;27;22.63
2007;2;28;19.62
2007;3;1;20.84
2007;3;2;17.52
2007;3;3;18.23
2007;3;4;19.8
2007;3;5;21.38
2007;3;6;22.5
2007;3;7;23.07
2007;3;8;22.88
2007;3;9;19.23
2007;3;10;17.82
2007;3;11;20.01
2007;3;12;22.17
2007;3;13;23.24
2007;3;14;21.48
2007;3;15;20.24
2007;3;16;17.68
2007;3;17;18.43
2007;3;18;19.76
2007;3;19;21.35
2007;3;20;21.82
2007;3;21;22.12
2007;3;22;23.46
2007;3;23;19.58
2007;3;24;19.08
2007;3;25;20.58
2007;3;26;21.6
2007;3;27;20.61
2007;3;28;20.15
2007;3;29;21.96
2007;3;30;22.25
2007;3;31;19.15
2007;4;1;20.3
2007;4;2;21.38
2007;4;3;19.3
2007;4;4;18.83
2007;4;5;18.82
2007;4;6;19.02
2007;4;7;20.29
2007;4;8;16.27
2007;4;9;14.99
2007;4;10;16.79
2007;4;11;16
2007;4;12;13.18
2007;4;13;14.76
2007;4;14;16.68
2007;4;15;15.95
2007;4;16;19.58
2007;4;17;23.37
2007;4;18;24.67
2007;4;19;24.3
2007;4;20;17.26
2007;4;21;15.77
2007;4;22;16.66
2007;4;23;14.99
2007;4;24;15.53
2007;4;25;9.68
2007;4;26;10.54
2007;4;27;11.48
2007;4;28;12
2007;4;29;12.58
2007;4;30;15.56
2007;5;1;18.22
2007;5;2;17.35
2007;5;3;17.62
2007;5;4;20.54
2007;5;5;16.51
2007;5;6;13.83
2007;5;7;7.11
2007;5;8;7.04
2007;5;9;7.42
2007;5;10;8.9
2007;5;11;11.45
2007;5;12;8.7
2007;5;13;9.51
2007;5;14;9.93
2007;5;15;12.29
2007;5;16;9.97
2007;5;17;8.09
2007;5;18;9.87
2007;5;19;10.55
2007;5;20;10.83
2007;5;21;11.34
2007;5;22;9.15
2007;5;23;7.72
2007;5;24;8.08
2007;5;25;8.29
2007;5;26;8.95
2007;5;27;7.26
2007;5;28;3.28
2007;5;29;4.12
2007;5;30;5.79
2007;5;31;8.49
2007;6;1;7.42
2007;6;2;7.8
2007;6;3;8.34
2007;6;4;8.57
2007;6;5;10.39
2007;6;6;11.15
2007;6;7;10.01
2007;6;8;8.44
2007;6;9;8.48
2007;6;10;8.74
2007;6;11;8.38
2007;6;12;7.96
2007;6;13;9.87
2007;6;14;9
2007;6;15;4.61
2007;6;16;5.26
2007;6;17;6.15
2007;6;18;3.54
2007;6;19;5.76
2007;6;20;8.42
2007;6;21;7.87
2007;6;22;11.8
2007;6;23;7.23
2007;6;24;3.2
2007;6;25;5.62
2007;6;26;6.15
2007;6;27;6.31
2007;6;28;6.86
2007;6;29;7.25
2007;6;30;7.11
2007;7;1;7.12
2007;7;2;7.4
2007;7;3;7.84
2007;7;4;9.05
2007;7;5;11.11
2007;7;6;9.44
2007;7;7;5.55
2007;7;8;3.55
2007;7;9;2.76
2007;7;10;0.87
2007;7;11;2.16
2007;7;12;3.27
2007;7;13;5.25
2007;7;14;5.86
2007;7;15;5.24
2007;7;16;7.62
2007;7;17;9.23
2007;7;18;9.44
2007;7;19;10.58
2007;7;20;8.89
2007;7;21;9.05
2007;7;22;7.65
2007;7;23;5.91
2007;7;24;5.02
2007;7;25;3.67
2007;7;26;7.38
2007;7;27;4.35
2007;7;28;3.56
2007;7;29;4.48
2007;7;30;6.01
2007;7;31;7.91
2007;8;1;6.15
2007;8;2;5.73
2007;8;3;5.91
2007;8;4;5.68
2007;8;5;5.3
2007;8;6;6.22
2007;8;7;7.1
2007;8;8;8.9
2007;8;9;9.24
2007;8;10;5.92
2007;8;11;5.28
2007;8;12;7.67
2007;8;13;12.27
2007;8;14;16.22
2007;8;15;10.55
2007;8;16;7.48
2007;8;17;5.78
2007;8;18;7.5
2007;8;19;7.61
2007;8;20;7.28
2007;8;21;8.51
2007;8;22;8.35
2007;8;23;9.83
2007;8;24;9.12
2007;8;25;8.28
2007;8;26;6.44
2007;8;27;8.01
2007;8;28;8.88
2007;8;29;7.61
2007;8;30;8.38
2007;8;31;10.88
2007;9;1;12.94
2007;9;2;14.07
2007;9;3;16.16
2007;9;4;18
2007;9;5;12.8
2007;9;6;17.58
2007;9;7;19.44
2007;9;8;22.17
2007;9;9;22.28
2007;9;10;19.8
2007;9;11;16.13
2007;9;12;15.98
2007;9;13;18.35
2007;9;14;17.74
2007;9;15;13.48
2007;9;16;13.38
2007;9;17;13.42
2007;9;18;12.97
2007;9;19;12.43
2007;9;20;13.74
2007;9;21;13.35
2007;9;22;13.1
2007;9;23;10.84
2007;9;24;9.73
2007;9;25;10.92
2007;9;26;11.92
2007;9;27;15.42
2007;9;28;16.39
2007;9;29;17.26
2007;9;30;17.71
2007;10;1;17.51
2007;10;2;18.17
2007;10;3;18.19
2007;10;4;19.94
2007;10;5;18.09
2007;10;6;15.83
2007;10;7;12.85
2007;10;8;14.58
2007;10;9;17.4
2007;10;10;15.23
2007;10;11;13.76
2007;10;12;13.6
2007;10;13;13.48
2007;10;14;14.74
2007;10;15;15.25
2007;10;16;18.19
2007;10;17;19.21
2007;10;18;18.37
2007;10;19;19.85
2007;10;20;19.05
2007;10;21;17.54
2007;10;22;18.73
2007;10;23;19.73
2007;10;24;19.37
2007;10;25;20.08
2007;10;26;19.54
2007;10;27;17.73
2007;10;28;18.19
2007;10;29;19.43
2007;10;30;19.89
2007;10;31;17.94
2007;11;1;14.94
2007;11;2;18.5
2007;11;3;17.21
2007;11;4;11
2007;11;5;15.83
2007;11;6;19.15
2007;11;7;21.75
2007;11;8;19.27
2007;11;9;18.85
2007;11;10;13.09
2007;11;11;11.05
2007;11;12;15.9
2007;11;13;13.96
2007;11;14;11.02
2007;11;15;11.62
2007;11;16;16.45
2007;11;17;21.94
2007;11;18;20.33
2007;11;19;20.42
2007;11;20;19.19
2007;11;21;19.66
2007;11;22;21.49
2007;11;23;15.51
2007;11;24;12.8
2007;11;25;16.98
2007;11;26;19.41
2007;11;27;19.19
2007;11;28;21.33
2007;11;29;22.85
2007;11;30;23.9
2007;12;1;23.18
2007;12;2;24.1
2007;12;3;25.03
2007;12;4;21.21
2007;12;5;18.53
2007;12;6;20.62
2007;12;7;21.98
2007;12;8;21.04
2007;12;9;21.59
2007;12;10;19.16
2007;12;11;18.5
2007;12;12;20.93
2007;12;13;22.94
2007;12;14;22.74
2007;12;15;20.81
2007;12;16;18.87
2007;12;17;21.3
2007;12;18;24.3
2007;12;19;21.98
2007;12;20;24.98
2007;12;21;27.98
2007;12;22;20.57
2007;12;23;20.83
2007;12;24;23.23
2007;12;25;23.01
2007;12;26;22.87
2007;12;27;22.25
2007;12;28;23.41
2007;12;29;25.21
2007;12;30;28.94
2007;12;31;29.83
2008;1;1;29.41
2008;1;2;29.44
2008;1;3;26.66
2008;1;4;20.41
2008;1;5;22.85
2008;1;6;26.08
2008;1;7;28.73
2008;1;8;31.03
2008;1;9;28.81
2008;1;10;23.41
2008;1;11;19.77
2008;1;12;22.33
2008;1;13;24.51
2008;1;14;27.26
2008;1;15;28.8
2008;1;16;22
2008;1;17;20.9
2008;1;18;22.89
2008;1;19;20.6
2008;1;20;22.15
2008;1;21;24.01
2008;1;22;23.8
2008;1;23;23.07
2008;1;24;25.37
2008;1;25;26.23
2008;1;26;25.29
2008;1;27;23.97
2008;1;28;22.88
2008;1;29;23.8
2008;1;30;22.72
2008;1;31;23.43
2008;2;1;24.73
2008;2;2;24.51
2008;2;3;21.43
2008;2;4;25.05
2008;2;5;25.86
2008;2;6;27.94
2008;2;7;24.22
2008;2;8;23.48
2008;2;9;22.69
2008;2;10;21.19
2008;2;11;18.76
2008;2;12;21.4
2008;2;13;23.59
2008;2;14;25.94
2008;2;15;26.62
2008;2;16;26.83
2008;2;17;27.04
2008;2;18;25.94
2008;2;19;25.95
2008;2;20;27.61
2008;2;21;28.98
2008;2;22;25.94
2008;2;23;25.45
2008;2;24;24.91
2008;2;25;24.37
2008;2;26;25.88
2008;2;27;24.81
2008;2;28;22.95
2008;2;29;23.32
2008;3;1;22.18
2008;3;2;22.2
2008;3;3;21.36
2008;3;4;20.29
2008;3;5;20.09
2008;3;6;19.85
2008;3;7;20.65
2008;3;8;21.21
2008;3;9;21.67
2008;3;10;17.36
2008;3;11;16.45
2008;3;12;18.19
2008;3;13;19.76
2008;3;14;19.66
2008;3;15;20.76
2008;3;16;22.37
2008;3;17;22.58
2008;3;18;23.51
2008;3;19;23.81
2008;3;20;22.49
2008;3;21;21.94
2008;3;22;17.03
2008;3;23;18.14
2008;3;24;20.01
2008;3;25;21.62
2008;3;26;23.08
2008;3;27;19.37
2008;3;28;19.03
2008;3;29;20.26
2008;3;30;19.3
2008;3;31;19.37
2008;4;1;19.44
2008;4;2;17.05
2008;4;3;17.67
2008;4;4;18.15
2008;4;5;19.17
2008;4;6;19.82
2008;4;7;18.62
2008;4;8;17.05
2008;4;9;18.8
2008;4;10;20.42
2008;4;11;17.66
2008;4;12;12.9
2008;4;13;11.23
2008;4;14;8.62
2008;4;15;10.25
2008;4;16;12.79
2008;4;17;16.73
2008;4;18;17.33
2008;4;19;18.32
2008;4;20;20.55
2008;4;21;20.05
2008;4;22;19.71
2008;4;23;20.04
2008;4;24;19.44
2008;4;25;16.22
2008;4;26;15.27
2008;4;27;16
2008;4;28;13.95
2008;4;29;9.16
2008;4;30;10.53
2008;5;1;11.2
2008;5;2;12.59
2008;5;3;14.28
2008;5;4;13.58
2008;5;5;14.48
2008;5;6;14.15
2008;5;7;11.98
2008;5;8;11.24
2008;5;9;11.13
2008;5;10;12.01
2008;5;11;12.33
2008;5;12;13
2008;5;13;13.62
2008;5;14;13.9
2008;5;15;16.23
2008;5;16;16.94
2008;5;17;19.49
2008;5;18;19.31
2008;5;19;21.4
2008;5;20;19.4
2008;5;21;17.5
2008;5;22;16.92
2008;5;23;18.16
2008;5;24;11.21
2008;5;25;10.36
2008;5;26;12.32
2008;5;27;12.54
2008;5;28;7.8
2008;5;29;4.33
2008;5;30;4.93
2008;5;31;6.05
2008;6;1;6.65
2008;6;2;8.9
2008;6;3;10.3
2008;6;4;11.83
2008;6;5;13.15
2008;6;6;11.13
2008;6;7;11
2008;6;8;11.29
2008;6;9;7.04
2008;6;10;6.51
2008;6;11;8.84
2008;6;12;7.94
2008;6;13;9.25
2008;6;14;8.19
2008;6;15;6.24
2008;6;16;6.06
2008;6;17;8.08
2008;6;18;8.26
2008;6;19;9.83
2008;6;20;8.31
2008;6;21;8.9
2008;6;22;6.86
2008;6;23;7.43
2008;6;24;9.31
2008;6;25;11.05
2008;6;26;12.19
2008;6;27;10.51
2008;6;28;10.41
2008;6;29;10.15
2008;6;30;12.12
2008;7;1;9.93
2008;7;2;9.33
2008;7;3;9.3
2008;7;4;12.91
2008;7;5;18.44
2008;7;6;15.88
2008;7;7;14.84
2008;7;8;12.13
2008;7;9;11.49
2008;7;10;13.46
2008;7;11;16.5
2008;7;12;17.74
2008;7;13;14.71
2008;7;14;14.75
2008;7;15;19.15
2008;7;16;18.81
2008;7;17;15.76
2008;7;18;9.98
2008;7;19;9.51
2008;7;20;9.98
2008;7;21;10.8
2008;7;22;10.01
2008;7;23;8.57
2008;7;24;8.83
2008;7;25;8.3
2008;7;26;9.12
2008;7;27;9.75
2008;7;28;11.79
2008;7;29;11.88
2008;7;30;11.25
2008;7;31;10.12
2008;8;1;11.09
2008;8;2;8.54
2008;8;3;5.51
2008;8;4;8.86
2008;8;5;7.12
2008;8;6;9.06
2008;8;7;8.85
2008;8;8;6.62
2008;8;9;9.56
2008;8;10;13.86
2008;8;11;12.56
2008;8;12;7.06
2008;8;13;8.66
2008;8;14;10.36
2008;8;15;13.33
2008;8;16;13.75
2008;8;17;8.68
2008;8;18;7.97
2008;8;19;11.22
2008;8;20;12.97
2008;8;21;10.55
2008;8;22;11.3
2008;8;23;10.57
2008;8;24;11.63
2008;8;25;12.38
2008;8;26;15.86
2008;8;27;15.33
2008;8;28;10.48
2008;8;29;11.38
2008;8;30;13.82
2008;8;31;15.59
2008;9;1;18.03
2008;9;2;17.31
2008;9;3;10.54
2008;9;4;8.01
2008;9;5;7.19
2008;9;6;6.97
2008;9;7;10.49
2008;9;8;12.11
2008;9;9;13.43
2008;9;10;13.76
2008;9;11;13.84
2008;9;12;8.92
2008;9;13;9.51
2008;9;14;9.46
2008;9;15;10.9
2008;9;16;11.71
2008;9;17;13.87
2008;9;18;14.03
2008;9;19;13.56
2008;9;20;12.52
2008;9;21;12.72
2008;9;22;15.58
2008;9;23;16.61
2008;9;24;16.89
2008;9;25;16.55
2008;9;26;16.81
2008;9;27;19.51
2008;9;28;18.76
2008;9;29;16.47
2008;9;30;14.72
2008;10;1;16.01
2008;10;2;16.69
2008;10;3;14.89
2008;10;4;14.24
2008;10;5;14.47
2008;10;6;17.44
2008;10;7;11.77
2008;10;8;11.57
2008;10;9;15.89
2008;10;10;18.98
2008;10;11;21.59
2008;10;12;17.69
2008;10;13;17.94
2008;10;14;15.97
2008;10;15;15.91
2008;10;16;15.45
2008;10;17;15.55
2008;10;18;17.33
2008;10;19;19.19
2008;10;20;21.77
2008;10;21;18.8
2008;10;22;15.34
2008;10;23;17.49
2008;10;24;19.83
2008;10;25;18.91
2008;10;26;19.76
2008;10;27;16.81
2008;10;28;19.5
2008;10;29;18.6
2008;10;30;17.28
2008;10;31;18.98
2008;11;1;21
2008;11;2;20.31
2008;11;3;23.94
2008;11;4;26.05
2008;11;5;27.89
2008;11;6;24.06
2008;11;7;23.52
2008;11;8;25.34
2008;11;9;26.21
2008;11;10;25.89
2008;11;11;25.55
2008;11;12;25.94
2008;11;13;25.87
2008;11;14;26.54
2008;11;15;16.45
2008;11;16;16.48
2008;11;17;21.47
2008;11;18;21.19
2008;11;19;22.16
2008;11;20;22.57
2008;11;21;24.12
2008;11;22;25.97
2008;11;23;27.19
2008;11;24;29.44
2008;11;25;30.94
2008;11;26;29.43
2008;11;27;30.76
2008;11;28;27.73
2008;11;29;24.42
2008;11;30;21.75
2008;12;1;17.47
2008;12;2;16.45
2008;12;3;17.65
2008;12;4;18.68
2008;12;5;20.89
2008;12;6;23.32
2008;12;7;26.23
2008;12;8;28.46
2008;12;9;25.58
2008;12;10;22.44
2008;12;11;22.28
2008;12;12;22.15
2008;12;13;23.91
2008;12;14;25.01
2008;12;15;25.25
2008;12;16;26.66
2008;12;17;27.24
2008;12;18;27.26
2008;12;19;27.23
2008;12;20;29.36
2008;12;21;23.87
2008;12;22;22.38
2008;12;23;24.48
2008;12;24;26.75
2008;12;25;26.21
2008;12;26;24.91
2008;12;27;27.32
2008;12;28;28.46
2008;12;29;21.65
2008;12;30;24.12
2008;12;31;22.17
2009;1;1;21.18
2009;1;2;21.46
2009;1;3;23.31
2009;1;4;25.69
2009;1;5;27.73
2009;1;6;27.97
2009;1;7;25.8
2009;1;8;27.54
2009;1;9;28.56
2009;1;10;27.17
2009;1;11;25.32
2009;1;12;25.23
2009;1;13;24.7
2009;1;14;26.19
2009;1;15;26.63
2009;1;16;28.83
2009;1;17;28.3
2009;1;18;20.48
2009;1;19;21.81
2009;1;20;25.26
2009;1;21;27.64
2009;1;22;28.41
2009;1;23;28.79
2009;1;24;30.05
2009;1;25;26.31
2009;1;26;24.87
2009;1;27;25.67
2009;1;28;25.19
2009;1;29;24.33
2009;1;30;22.76
2009;1;31;23.44
2009;2;1;20.84
2009;2;2;25.22
2009;2;3;24.73
2009;2;4;25.63
2009;2;5;23.52
2009;2;6;22.21
2009;2;7;22.25
2009;2;8;24.86
2009;2;9;26.26
2009;2;10;25.65
2009;2;11;21.79
2009;2;12;21.61
2009;2;13;23.98
2009;2;14;26.33
2009;2;15;25.99
2009;2;16;23.42
2009;2;17;25.74
2009;2;18;26.57
2009;2;19;28.94
2009;2;20;28.32
2009;2;21;21.99
2009;2;22;20.28
2009;2;23;20.55
2009;2;24;22.36
2009;2;25;22.82
2009;2;26;22.55
2009;2;27;23.05
2009;2;28;25.24
2009;3;1;26.06
2009;3;2;25.27
2009;3;3;24.92
2009;3;4;21.51
2009;3;5;21.39
2009;3;6;22.65
2009;3;7;23.8
2009;3;8;22.1
2009;3;9;21.61
2009;3;10;22.3
2009;3;11;21.62
2009;3;12;21.44
2009;3;13;23.12
2009;3;14;24.43
2009;3;15;16.83
2009;3;16;17.83
2009;3;17;19.33
2009;3;18;20.4
2009;3;19;20.81
2009;3;20;22.18
2009;3;21;24.15
2009;3;22;24.26
2009;3;23;24.32
2009;3;24;23.42
2009;3;25;22.06
2009;3;26;22.46
2009;3;27;23.28
2009;3;28;24.68
2009;3;29;26.01
2009;3;30;23.66
2009;3;31;20.08
2009;4;1;16.69
2009;4;2;15.62
2009;4;3;20.76
2009;4;4;18.9
2009;4;5;17.73
2009;4;6;19.9
2009;4;7;21.04
2009;4;8;17.13
2009;4;9;17.26
2009;4;10;18.25
2009;4;11;21.8
2009;4;12;22.11
2009;4;13;21.3
2009;4;14;15.26
2009;4;15;16.05
2009;4;16;19.94
2009;4;17;20.51
2009;4;18;17.94
2009;4;19;14.34
2009;4;20;13.23
2009;4;21;16.23
2009;4;22;18.14
2009;4;23;18.87
2009;4;24;14.38
2009;4;25;18.04
2009;4;26;16.29
2009;4;27;18.08
2009;4;28;19.93
2009;4;29;19.73
2009;4;30;16.99
2009;5;1;18
2009;5;2;17.68
2009;5;3;16.85
2009;5;4;16.5
2009;5;5;12.94
2009;5;6;14.46
2009;5;7;14.65
2009;5;8;14.73
2009;5;9;16.57
2009;5;10;18.14
2009;5;11;16.4
2009;5;12;14.53
2009;5;13;12.55
2009;5;14;9.3
2009;5;15;10
2009;5;16;11.94
2009;5;17;14.36
2009;5;18;13.23
2009;5;19;11.79
2009;5;20;16.94
2009;5;21;22.19
2009;5;22;22.48
2009;5;23;22.16
2009;5;24;20.51
2009;5;25;18
2009;5;26;10.23
2009;5;27;8.56
2009;5;28;8.59
2009;5;29;9.29
2009;5;30;7.99
2009;5;31;9.39
2009;6;1;8.94
2009;6;2;7.09
2009;6;3;8.33
2009;6;4;11.28
2009;6;5;10.25
2009;6;6;8.19
2009;6;7;8.76
2009;6;8;9.49
2009;6;9;9.47
2009;6;10;8.9
2009;6;11;7.96
2009;6;12;7.23
2009;6;13;9.01
2009;6;14;10.44
2009;6;15;10.54
2009;6;16;8.4
2009;6;17;9.31
2009;6;18;9.87
2009;6;19;15.76
2009;6;20;14.15
2009;6;21;9.15
2009;6;22;8.05
2009;6;23;5.87
2009;6;24;3.76
2009;6;25;6.83
2009;6;26;7.37
2009;6;27;7.74
2009;6;28;9.96
2009;6;29;11.36
2009;6;30;8.09
2009;7;1;9.64
2009;7;2;7.87
2009;7;3;9.62
2009;7;4;10.87
2009;7;5;15.18
2009;7;6;15.22
2009;7;7;12.9
2009;7;8;5.96
2009;7;9;4.89
2009;7;10;5.63
2009;7;11;5.61
2009;7;12;7.55
2009;7;13;7.16
2009;7;14;6.16
2009;7;15;6.94
2009;7;16;8.22
2009;7;17;9.09
2009;7;18;10.46
2009;7;19;13.33
2009;7;20;13
2009;7;21;11.31
2009;7;22;4.98
2009;7;23;3.02
2009;7;24;3.61
2009;7;25;5.45
2009;7;26;5.15
2009;7;27;7.12
2009;7;28;6.23
2009;7;29;5.27
2009;7;30;5.57
2009;7;31;4.3
2009;8;1;4.78
2009;8;2;8.3
2009;8;3;9.67
2009;8;4;12.05
2009;8;5;12.53
2009;8;6;8.08
2009;8;7;9.06
2009;8;8;9.26
2009;8;9;9.15
2009;8;10;9.9
2009;8;11;11.22
2009;8;12;13.8
2009;8;13;12.28
2009;8;14;18.3
2009;8;15;20.12
2009;8;16;10.19
2009;8;17;10.17
2009;8;18;10.52
2009;8;19;8.88
2009;8;20;8.94
2009;8;21;9.61
2009;8;22;11.48
2009;8;23;11.9
2009;8;24;13.74
2009;8;25;17.14
2009;8;26;18.72
2009;8;27;20.65
2009;8;28;20.18
2009;8;29;22.39
2009;8;30;22.63
2009;8;31;14.15
2009;9;1;12.94
2009;9;2;14.05
2009;9;3;13.1
2009;9;4;12.46
2009;9;5;14.15
2009;9;6;15.86
2009;9;7;13.2
2009;9;8;8.48
2009;9;9;8.1
2009;9;10;9.51
2009;9;11;9.66
2009;9;12;12.09
2009;9;13;13.31
2009;9;14;15.79
2009;9;15;16.45
2009;9;16;16.49
2009;9;17;13.48
2009;9;18;12.82
2009;9;19;12
2009;9;20;12.28
2009;9;21;14.42
2009;9;22;10.29
2009;9;23;7.91
2009;9;24;10.83
2009;9;25;12.26
2009;9;26;14.9
2009;9;27;9.01
2009;9;28;7.14
2009;9;29;8.39
2009;9;30;10.33
2009;10;1;12.01
2009;10;2;14.85
2009;10;3;15.66
2009;10;4;17.49
2009;10;5;19.3
2009;10;6;12.98
2009;10;7;11.1
2009;10;8;13.27
2009;10;9;15.09
2009;10;10;18.39
2009;10;11;14.87
2009;10;12;13.69
2009;10;13;16.44
2009;10;14;10.3
2009;10;15;12.19
2009;10;16;13.23
2009;10;17;15.16
2009;10;18;15.85
2009;10;19;16.83
2009;10;20;18.32
2009;10;21;13.32
2009;10;22;15.89
2009;10;23;20.14
2009;10;24;14.12
2009;10;25;15.7
2009;10;26;13.03
2009;10;27;16.19
2009;10;28;19.88
2009;10;29;23.9
2009;10;30;24.25
2009;10;31;20.35
2009;11;1;20.83
2009;11;2;22.76
2009;11;3;17.53
2009;11;4;18.05
2009;11;5;19.44
2009;11;6;20.85
2009;11;7;15.31
2009;11;8;17.19
2009;11;9;17.58
2009;11;10;17.08
2009;11;11;19.87
2009;11;12;22.8
2009;11;13;24.77
2009;11;14;21.3
2009;11;15;21.83
2009;11;16;22.49
2009;11;17;23.62
2009;11;18;20.82
2009;11;19;20.98
2009;11;20;20.65
2009;11;21;19.34
2009;11;22;22.3
2009;11;23;23.13
2009;11;24;22.64
2009;11;25;23.58
2009;11;26;22.36
2009;11;27;19.43
2009;11;28;21
2009;11;29;21.34
2009;11;30;18.32
2009;12;1;21.17
2009;12;2;21.31
2009;12;3;15.32
2009;12;4;17.08
2009;12;5;17.31
2009;12;6;17.87
2009;12;7;16.44
2009;12;8;19.77
2009;12;9;22.73
2009;12;10;24.82
2009;12;11;21.85
2009;12;12;19.86
2009;12;13;20.05
2009;12;14;22.28
2009;12;15;22.7
2009;12;16;21.92
2009;12;17;23.54
2009;12;18;25.88
2009;12;19;26.19
2009;12;20;21.95
2009;12;21;22.9
2009;12;22;25.4
2009;12;23;25.19
2009;12;24;24.4
2009;12;25;22.77
2009;12;26;23.73
2009;12;27;24.04
2009;12;28;24.67
2009;12;29;23.52
2009;12;30;21.05
2009;12;31;21
2010;1;1;22.53
2010;1;2;24.55
2010;1;3;25.83
2010;1;4;25.3
2010;1;5;26.73
2010;1;6;21.37
2010;1;7;20.55
2010;1;8;22.85
2010;1;9;26.58
2010;1;10;27.51
2010;1;11;25.89
2010;1;12;20.42
2010;1;13;20.58
2010;1;14;22.8
2010;1;15;24.46
2010;1;16;22.4
2010;1;17;26.14
2010;1;18;27.43
2010;1;19;23.14
2010;1;20;24.09
2010;1;21;26.26
2010;1;22;26.51
2010;1;23;25.89
2010;1;24;26.41
2010;1;25;27.17
2010;1;26;27.55
2010;1;27;27.58
2010;1;28;28.44
2010;1;29;29.12
2010;1;30;25.99
2010;1;31;23.03
2010;2;1;27.23
2010;2;2;27.51
2010;2;3;26.99
2010;2;4;21.71
2010;2;5;22.32
2010;2;6;24.26
2010;2;7;25.46
2010;2;8;21.3
2010;2;9;23.36
2010;2;10;23.98
2010;2;11;26.02
2010;2;12;25.93
2010;2;13;26.94
2010;2;14;19.9
2010;2;15;22.51
2010;2;16;21.02
2010;2;17;21.8
2010;2;18;24
2010;2;19;25.37
2010;2;20;20.4
2010;2;21;22.4
2010;2;22;24.24
2010;2;23;20.62
2010;2;24;17.08
2010;2;25;16.1
2010;2;26;18.05
2010;2;27;20.4
2010;2;28;20.94
2010;3;1;22.09
2010;3;2;23.45
2010;3;3;23.8
2010;3;4;24.13
2010;3;5;22.19
2010;3;6;22.4
2010;3;7;22.58
2010;3;8;22.84
2010;3;9;24.65
2010;3;10;23.19
2010;3;11;20.98
2010;3;12;19.48
2010;3;13;21.65
2010;3;14;18.56
2010;3;15;16.5
2010;3;16;17.76
2010;3;17;21.94
2010;3;18;22.66
2010;3;19;24.01
2010;3;20;20.43
2010;3;21;19.55
2010;3;22;17.38
2010;3;23;18.41
2010;3;24;18.98
2010;3;25;18.37
2010;3;26;18.84
2010;3;27;21.36
2010;3;28;22.01
2010;3;29;21.03
2010;3;30;22.74
2010;3;31;23.8
2010;4;1;21.26
2010;4;2;19.16
2010;4;3;15.74
2010;4;4;13.68
2010;4;5;14.16
2010;4;6;16.09
2010;4;7;16.69
2010;4;8;18.06
2010;4;9;18.58
2010;4;10;18.57
2010;4;11;19.74
2010;4;12;20.64
2010;4;13;18.51
2010;4;14;13.01
2010;4;15;12.58
2010;4;16;13.52
2010;4;17;15.71
2010;4;18;19.9
2010;4;19;18.67
2010;4;20;16.26
2010;4;21;14.86
2010;4;22;11.69
2010;4;23;9.62
2010;4;24;10.87
2010;4;25;15.28
2010;4;26;13.02
2010;4;27;13.89
2010;4;28;14.05
2010;4;29;13.39
2010;4;30;14.63
2010;5;1;16.69
2010;5;2;16.5
2010;5;3;16.83
2010;5;4;15.05
2010;5;5;15.72
2010;5;6;13.5
2010;5;7;10.41
2010;5;8;11.01
2010;5;9;11.97
2010;5;10;11.15
2010;5;11;12.36
2010;5;12;13.56
2010;5;13;14.62
2010;5;14;16.41
2010;5;15;13.52
2010;5;16;8.8
2010;5;17;10.96
2010;5;18;13.08
2010;5;19;14.63
2010;5;20;15.55
2010;5;21;17.85
2010;5;22;18.8
2010;5;23;17.21
2010;5;24;16.3
2010;5;25;13.52
2010;5;26;13.3
2010;5;27;14.8
2010;5;28;16.03
2010;5;29;15.39
2010;5;30;11.19
2010;5;31;7.68
2010;6;1;8.51
2010;6;2;11.22
2010;6;3;12.81
2010;6;4;10.5
2010;6;5;10.66
2010;6;6;11.72
2010;6;7;10.29
2010;6;8;8.89
2010;6;9;7.74
2010;6;10;9.83
2010;6;11;11.33
2010;6;12;12.75
2010;6;13;13.23
2010;6;14;15.01
2010;6;15;11.1
2010;6;16;10.69
2010;6;17;9.89
2010;6;18;11.62
2010;6;19;9.8
2010;6;20;8.07
2010;6;21;4.3
2010;6;22;8.65
2010;6;23;11.87
2010;6;24;9.95
2010;6;25;9.28
2010;6;26;10.28
2010;6;27;9.4
2010;6;28;6.83
2010;6;29;7.54
2010;6;30;9.83
2010;7;1;13.06
2010;7;2;16.09
2010;7;3;18.99
2010;7;4;19.85
2010;7;5;16.27
2010;7;6;13.12
2010;7;7;9.23
2010;7;8;7.94
2010;7;9;7.12
2010;7;10;8.41
2010;7;11;10.95
2010;7;12;4.29
2010;7;13;4.26
2010;7;14;4.3
2010;7;15;3.46
2010;7;16;3.18
2010;7;17;3.29
2010;7;18;7.62
2010;7;19;7.13
2010;7;20;7.61
2010;7;21;6.74
2010;7;22;3.66
2010;7;23;4.45
2010;7;24;6.82
2010;7;25;7.25
2010;7;26;6.7
2010;7;27;8.34
2010;7;28;9.13
2010;7;29;9.09
2010;7;30;10.14
2010;7;31;7.21
2010;8;1;3.42
2010;8;2;3.69
2010;8;3;3.66
2010;8;4;3.91
2010;8;5;6.83
2010;8;6;8.91
2010;8;7;10.08
2010;8;8;8.95
2010;8;9;9.15
2010;8;10;9.89
2010;8;11;9.28
2010;8;12;9.24
2010;8;13;5.91
2010;8;14;5.2
2010;8;15;6.83
2010;8;16;9.58
2010;8;17;12.12
2010;8;18;13.72
2010;8;19;11.86
2010;8;20;10.18
2010;8;21;13.18
2010;8;22;15.9
2010;8;23;15.23
2010;8;24;11.82
2010;8;25;10.32
2010;8;26;11.03
2010;8;27;13.79
2010;8;28;16.06
2010;8;29;10.17
2010;8;30;9.37
2010;8;31;13.65
2010;9;1;9.62
2010;9;2;9.99
2010;9;3;11.36
2010;9;4;10.44
2010;9;5;11.33
2010;9;6;13.88
2010;9;7;14.42
2010;9;8;14.15
2010;9;9;16.69
2010;9;10;18.44
2010;9;11;12.94
2010;9;12;11.89
2010;9;13;11.27
2010;9;14;11.71
2010;9;15;13.03
2010;9;16;13.33
2010;9;17;9.61
2010;9;18;10.35
2010;9;19;13.61
2010;9;20;16.61
2010;9;21;16.09
2010;9;22;14.87
2010;9;23;12.34
2010;9;24;11.98
2010;9;25;14.19
2010;9;26;15.51
2010;9;27;16.05
2010;9;28;15.33
2010;9;29;12.3
2010;9;30;11.83
2010;10;1;8.96
2010;10;2;11.25
2010;10;3;12.76
2010;10;4;14.9
2010;10;5;16.12
2010;10;6;17.01
2010;10;7;15.07
2010;10;8;14.08
2010;10;9;15.13
2010;10;10;15.79
2010;10;11;15.99
2010;10;12;16.25
2010;10;13;17.4
2010;10;14;16.42
2010;10;15;13.92
2010;10;16;13.72
2010;10;17;11.99
2010;10;18;14.94
2010;10;19;17.76
2010;10;20;19.55
2010;10;21;20.66
2010;10;22;15.19
2010;10;23;14.37
2010;10;24;15.17
2010;10;25;16.37
2010;10;26;16.71
2010;10;27;15.92
2010;10;28;18.38
2010;10;29;15.84
2010;10;30;14.09
2010;10;31;15.73
2010;11;1;18.16
2010;11;2;19.79
2010;11;3;21.62
2010;11;4;17.83
2010;11;5;17.94
2010;11;6;20.29
2010;11;7;24.6
2010;11;8;15.31
2010;11;9;14.91
2010;11;10;13.64
2010;11;11;15.55
2010;11;12;16.77
2010;11;13;17.7
2010;11;14;17.98
2010;11;15;17.59
2010;11;16;17.14
2010;11;17;17.82
2010;11;18;19.77
2010;11;19;22.36
2010;11;20;22.9
2010;11;21;23.54
2010;11;22;21.23
2010;11;23;21.25
2010;11;24;22.97
2010;11;25;23.83
2010;11;26;25.87
2010;11;27;20.68
2010;11;28;17.31
2010;11;29;20.05
2010;11;30;23.62
2010;12;1;25.37
2010;12;2;21.82
2010;12;3;21.29
2010;12;4;20.76
2010;12;5;21.91
2010;12;6;24.74
2010;12;7;25.62
2010;12;8;21.94
2010;12;9;22.75
2010;12;10;23.58
2010;12;11;21.64
2010;12;12;15.96
2010;12;13;18.79
2010;12;14;23.05
2010;12;15;24.77
2010;12;16;25.23
2010;12;17;27.62
2010;12;18;19.05
2010;12;19;21.52
2010;12;20;25.41
2010;12;21;27.71
2010;12;22;28.77
2010;12;23;29.07
2010;12;24;27.11
2010;12;25;27.77
2010;12;26;28.21
2010;12;27;29.65
2010;12;28;29.15
2010;12;29;27.33
2010;12;30;26.44
2010;12;31;26.12
2011;1;1;26.04
2011;1;2;26.35
2011;1;3;25.25
2011;1;4;25.15
2011;1;5;25.3
2011;1;6;24.3
2011;1;7;26.17
2011;1;8;26.04
2011;1;9;23.88
2011;1;10;24.12
2011;1;11;22.28
2011;1;12;23.11
2011;1;13;24.48
2011;1;14;25.49
2011;1;15;26.27
2011;1;16;24.35
2011;1;17;20.63
2011;1;18;23.48
2011;1;19;22.35
2011;1;20;20.31
2011;1;21;21.36
2011;1;22;23.33
2011;1;23;26.3
2011;1;24;27.53
2011;1;25;28.12
2011;1;26;25.91
2011;1;27;25.62
2011;1;28;26.58
2011;1;29;24.65
2011;1;30;27.25
2011;1;31;25.23
2011;2;1;20.23
2011;2;2;22.92
2011;2;3;25.98
2011;2;4;22.89
2011;2;5;24.43
2011;2;6;20.55
2011;2;7;22.12
2011;2;8;20.37
2011;2;9;21.3
2011;2;10;21.47
2011;2;11;22.4
2011;2;12;23.26
2011;2;13;25.03
2011;2;14;23.15
2011;2;15;23.62
2011;2;16;24.78
2011;2;17;27.15
2011;2;18;24.58
2011;2;19;23.19
2011;2;20;23.19
2011;2;21;23.44
2011;2;22;23.65
2011;2;23;22.06
2011;2;24;21.95
2011;2;25;20.13
2011;2;26;21.57
2011;2;27;23.72
2011;2;28;23.48
2011;3;1;22.56
2011;3;2;22.82
2011;3;3;24.05
2011;3;4;24.15
2011;3;5;23.63
2011;3;6;23.85
2011;3;7;25.46
2011;3;8;26.5
2011;3;9;27.07
2011;3;10;26.59
2011;3;11;26.8
2011;3;12;24.05
2011;3;13;15.29
2011;3;14;16.07
2011;3;15;18.39
2011;3;16;21.64
2011;3;17;22.01
2011;3;18;17.51
2011;3;19;18.94
2011;3;20;20.98
2011;3;21;22.81
2011;3;22;24.98
2011;3;23;16.6
2011;3;24;16.97
2011;3;25;17.73
2011;3;26;17.83
2011;3;27;15.17
2011;3;28;17.89
2011;3;29;17.44
2011;3;30;18.84
2011;3;31;21.66
2011;4;1;21.73
2011;4;2;20.37
2011;4;3;18.94
2011;4;4;15.24
2011;4;5;16.8
2011;4;6;18.07
2011;4;7;17.16
2011;4;8;16.37
2011;4;9;16.55
2011;4;10;18.24
2011;4;11;19.91
2011;4;12;21.48
2011;4;13;21.79
2011;4;14;17.55
2011;4;15;15.31
2011;4;16;16.63
2011;4;17;15.22
2011;4;18;13.16
2011;4;19;15.49
2011;4;20;14.96
2011;4;21;16.23
2011;4;22;17.12
2011;4;23;11.47
2011;4;24;13.3
2011;4;25;14.44
2011;4;26;15.72
2011;4;27;17.19
2011;4;28;18.18
2011;4;29;17.32
2011;4;30;17.83
2011;5;1;12.03
2011;5;2;9.51
2011;5;3;9.78
2011;5;4;12.81
2011;5;5;13.24
2011;5;6;11.26
2011;5;7;13.27
2011;5;8;11.54
2011;5;9;10.55
2011;5;10;14.64
2011;5;11;16.83
2011;5;12;14.35
2011;5;13;15.55
2011;5;14;13.98
2011;5;15;12.95
2011;5;16;12.01
2011;5;17;13.76
2011;5;18;14.33
2011;5;19;14.23
2011;5;20;16.29
2011;5;21;17.52
2011;5;22;13.87
2011;5;23;9.58
2011;5;24;11.69
2011;5;25;11.69
2011;5;26;9.76
2011;5;27;10.82
2011;5;28;11.02
2011;5;29;10.75
2011;5;30;11.67
2011;5;31;12.49
2011;6;1;11.19
2011;6;2;11.96
2011;6;3;9.72
2011;6;4;5.22
2011;6;5;7.45
2011;6;6;9.77
2011;6;7;9.12
2011;6;8;9.78
2011;6;9;10.48
2011;6;10;10.31
2011;6;11;12.49
2011;6;12;12.01
2011;6;13;7.71
2011;6;14;9.09
2011;6;15;11.76
2011;6;16;13.16
2011;6;17;10.6
2011;6;18;13.45
2011;6;19;14.65
2011;6;20;10.8
2011;6;21;8.96
2011;6;22;9.49
2011;6;23;9.05
2011;6;24;7.26
2011;6;25;6.37
2011;6;26;3.48
2011;6;27;4.3
2011;6;28;4.76
2011;6;29;7
2011;6;30;6.21
2011;7;1;2.21
2011;7;2;3.43
2011;7;3;2.08
2011;7;4;2.86
2011;7;5;3.43
2011;7;6;4.26
2011;7;7;5.06
2011;7;8;7.23
2011;7;9;9.23
2011;7;10;9.96
2011;7;11;12.96
2011;7;12;13.94
2011;7;13;9.44
2011;7;14;11.55
2011;7;15;13.39
2011;7;16;8.69
2011;7;17;9.13
2011;7;18;10.33
2011;7;19;6.73
2011;7;20;7.85
2011;7;21;7.44
2011;7;22;7.59
2011;7;23;8.73
2011;7;24;11.31
2011;7;25;15.25
2011;7;26;9.79
2011;7;27;9.82
2011;7;28;11.48
2011;7;29;8.12
2011;7;30;3.58
2011;7;31;4.06
2011;8;1;5.33
2011;8;2;5.09
2011;8;3;7.39
2011;8;4;5.64
2011;8;5;8.87
2011;8;6;9.59
2011;8;7;10.68
2011;8;8;12.4
2011;8;9;14.15
2011;8;10;15.62
2011;8;11;17
2011;8;12;16.05
2011;8;13;12.1
2011;8;14;10.05
2011;8;15;11.14
2011;8;16;11.26
2011;8;17;10.94
2011;8;18;12.49
2011;8;19;7.34
2011;8;20;4.83
2011;8;21;4.28
2011;8;22;6.1
2011;8;23;7.59
2011;8;24;11.46
2011;8;25;11.33
2011;8;26;8.94
2011;8;27;10.29
2011;8;28;10.91
2011;8;29;10.58
2011;8;30;9.55
2011;8;31;8.05
2011;9;1;9.3
2011;9;2;11.94
2011;9;3;14.69
2011;9;4;13.09
2011;9;5;10.51
2011;9;6;12.13
2011;9;7;12.78
2011;9;8;13.87
2011;9;9;14.15
2011;9;10;12.9
2011;9;11;10.72
2011;9;12;14.22
2011;9;13;11.43
2011;9;14;11.68
2011;9;15;14.21
2011;9;16;16.51
2011;9;17;14.01
2011;9;18;11.09
2011;9;19;13.47
2011;9;20;14.8
2011;9;21;15.3
2011;9;22;12.33
2011;9;23;11.28
2011;9;24;13.8
2011;9;25;16.33
2011;9;26;19.66
2011;9;27;17.47
2011;9;28;19.57
2011;9;29;17.93
2011;9;30;15.74
2011;10;1;16.69
2011;10;2;14.45
2011;10;3;11.02
2011;10;4;12.9
2011;10;5;15.36
2011;10;6;17.6
2011;10;7;15.25
2011;10;8;16.78
2011;10;9;14.95
2011;10;10;15.7
2011;10;11;16.95
2011;10;12;15.51
2011;10;13;17.6
2011;10;14;15.56
2011;10;15;17.95
2011;10;16;17.27
2011;10;17;14.76
2011;10;18;15.28
2011;10;19;16.8
2011;10;20;18.86
2011;10;21;19.87
2011;10;22;17.23
2011;10;23;15.31
2011;10;24;17.8
2011;10;25;15.91
2011;10;26;13.53
2011;10;27;14.23
2011;10;28;18.37
2011;10;29;17.41
2011;10;30;14.76
2011;10;31;15.44
2011;11;1;17.26
2011;11;2;18.95
2011;11;3;22.21
2011;11;4;22.12
2011;11;5;22.44
2011;11;6;20.73
2011;11;7;23.06
2011;11;8;23.76
2011;11;9;22.58
2011;11;10;16.15
2011;11;11;19.04
2011;11;12;21.08
2011;11;13;20.75
2011;11;14;20.15
2011;11;15;21.49
2011;11;16;23.89
2011;11;17;22.78
2011;11;18;23.69
2011;11;19;25.59
2011;11;20;22.8
2011;11;21;21.45
2011;11;22;19.69
2011;11;23;19.7
2011;11;24;23.28
2011;11;25;25.44
2011;11;26;24.9
2011;11;27;26.94
2011;11;28;27.8
2011;11;29;27.84
2011;11;30;17.88
2011;12;1;17.76
2011;12;2;21.11
2011;12;3;22.52
2011;12;4;21.94
2011;12;5;24.47
2011;12;6;24.69
2011;12;7;25.67
2011;12;8;26.19
2011;12;9;24.65
2011;12;10;26.12
2011;12;11;25.39
2011;12;12;21.33
2011;12;13;19.47
2011;12;14;20.9
2011;12;15;20.55
2011;12;16;19.5
2011;12;17;19.83
2011;12;18;22.98
2011;12;19;25.39
2011;12;20;27.8
2011;12;21;28.91
2011;12;22;26.18
2011;12;23;20.42
2011;12;24;17.82
2011;12;25;19.65
2011;12;26;22.71
2011;12;27;23.96
2011;12;28;24.76
2011;12;29;25.51
2011;12;30;24.98
2011;12;31;24.58
2012;1;1;24.87
2012;1;2;28.08
2012;1;3;25.06
2012;1;4;24.7
2012;1;5;28.15
2012;1;6;28.7
2012;1;7;26.01
2012;1;8;27.65
2012;1;9;31.83
2012;1;10;33.44
2012;1;11;24.5
2012;1;12;23.18
2012;1;13;22.48
2012;1;14;22.61
2012;1;15;24.81
2012;1;16;27.52
2012;1;17;28.58
2012;1;18;28.23
2012;1;19;28.48
2012;1;20;30.2
2012;1;21;29.38
2012;1;22;27.18
2012;1;23;27.03
2012;1;24;24.67
2012;1;25;20.76
2012;1;26;21.85
2012;1;27;23.99
2012;1;28;25.08
2012;1;29;28.07
2012;1;30;29.41
2012;1;31;24.56
2012;2;1;23.98
2012;2;2;24.62
2012;2;3;24.81
2012;2;4;27.23
2012;2;5;25.1
2012;2;6;28
2012;2;7;27.5
2012;2;8;23.61
2012;2;9;20.17
2012;2;10;20.7
2012;2;11;21.15
2012;2;12;22.98
2012;2;13;24.13
2012;2;14;26.18
2012;2;15;28.35
2012;2;16;26.58
2012;2;17;28
2012;2;18;27.37
2012;2;19;24.06
2012;2;20;23.37
2012;2;21;21.32
2012;2;22;20.67
2012;2;23;19.82
2012;2;24;21.96
2012;2;25;23.13
2012;2;26;20.05
2012;2;27;22.51
2012;2;28;22.31
2012;2;29;18.66
2012;3;1;19.73
2012;3;2;21.26
2012;3;3;22.64
2012;3;4;25.42
2012;3;5;26.63
2012;3;6;24.33
2012;3;7;25.4
2012;3;8;24.59
2012;3;9;24.49
2012;3;10;26.92
2012;3;11;25.61
2012;3;12;25.04
2012;3;13;19.63
2012;3;14;18.03
2012;3;15;17.48
2012;3;16;18.98
2012;3;17;20.39
2012;3;18;22.41
2012;3;19;24.73
2012;3;20;19.85
2012;3;21;20.06
2012;3;22;17.94
2012;3;23;15.28
2012;3;24;16.7
2012;3;25;17.23
2012;3;26;15.24
2012;3;27;12.46
2012;3;28;14.1
2012;3;29;17.55
2012;3;30;18.34
2012;3;31;19.14
2012;4;1;20.01
2012;4;2;21.4
2012;4;3;20.82
2012;4;4;22.76
2012;4;5;15.05
2012;4;6;15.64
2012;4;7;18.87
2012;4;8;17.73
2012;4;9;18.64
2012;4;10;20.66
2012;4;11;21.1
2012;4;12;20.55
2012;4;13;19.9
2012;4;14;19.73
2012;4;15;18.19
2012;4;16;18.89
2012;4;17;19.23
2012;4;18;19.83
2012;4;19;20.35
2012;4;20;19.03
2012;4;21;13.4
2012;4;22;11.62
2012;4;23;12.01
2012;4;24;10.4
2012;4;25;11.71
2012;4;26;10.79
2012;4;27;10.23
2012;4;28;9.89
2012;4;29;9.65
2012;4;30;10.84
2012;5;1;12.2
2012;5;2;13.09
2012;5;3;15.21
2012;5;4;17.03
2012;5;5;18.06
2012;5;6;17.93
2012;5;7;18.77
2012;5;8;19.72
2012;5;9;18.81
2012;5;10;15.73
2012;5;11;11.53
2012;5;12;8.51
2012;5;13;10.2
2012;5;14;13.01
2012;5;15;13.58
2012;5;16;14.75
2012;5;17;16.18
2012;5;18;13.9
2012;5;19;13.11
2012;5;20;15.44
2012;5;21;14.73
2012;5;22;15.55
2012;5;23;14.77
2012;5;24;13.98
2012;5;25;15.59
2012;5;26;16.43
2012;5;27;16.91
2012;5;28;17.37
2012;5;29;16.08
2012;5;30;11.31
2012;5;31;10.01
2012;6;1;11.93
2012;6;2;13.83
2012;6;3;9.65
2012;6;4;7.75
2012;6;5;7.62
2012;6;6;3.44
2012;6;7;1.9
2012;6;8;3.85
2012;6;9;5.16
2012;6;10;6.28
2012;6;11;7.79
2012;6;12;12.83
2012;6;13;15.83
2012;6;14;13.77
2012;6;15;12
2012;6;16;6.01
2012;6;17;6.53
2012;6;18;7.46
2012;6;19;7.62
2012;6;20;9.62
2012;6;21;9.87
2012;6;22;9.39
2012;6;23;9.8
2012;6;24;9.65
2012;6;25;6.12
2012;6;26;9.4
2012;6;27;15.33
2012;6;28;14.75
2012;6;29;13.44
2012;6;30;13.53
2012;7;1;16.8
2012;7;2;8.85
2012;7;3;6.48
2012;7;4;6.8
2012;7;5;4.46
2012;7;6;4.61
2012;7;7;5.04
2012;7;8;6.48
2012;7;9;6.02
2012;7;10;4.39
2012;7;11;3.3
2012;7;12;6.26
2012;7;13;7.52
2012;7;14;4.84
2012;7;15;4.58
2012;7;16;4.69
2012;7;17;4.92
2012;7;18;7.16
2012;7;19;9.25
2012;7;20;10.15
2012;7;21;10.6
2012;7;22;7.48
2012;7;23;9.54
2012;7;24;7.13
2012;7;25;5.01
2012;7;26;6.73
2012;7;27;5.22
2012;7;28;8.05
2012;7;29;5.9
2012;7;30;5.49
2012;7;31;7.23
2012;8;1;10.04
2012;8;2;9.39
2012;8;3;10.74
2012;8;4;9.6
2012;8;5;10.38
2012;8;6;10.76
2012;8;7;14.36
2012;8;8;10.45
2012;8;9;12.52
2012;8;10;13.5
2012;8;11;14.8
2012;8;12;11.05
2012;8;13;10.05
2012;8;14;11.78
2012;8;15;13.86
2012;8;16;15.13
2012;8;17;18.58
2012;8;18;15.4
2012;8;19;11.72
2012;8;20;12.56
2012;8;21;12.23
2012;8;22;17
2012;8;23;18.24
2012;8;24;10.51
2012;8;25;6.9
2012;8;26;6.26
2012;8;27;7.52
2012;8;28;10.07
2012;8;29;12.43
2012;8;30;13.77
2012;8;31;15.44
2012;9;1;16.29
2012;9;2;15.78
2012;9;3;11.8
2012;9;4;14.76
2012;9;5;13.06
2012;9;6;12.85
2012;9;7;16.28
2012;9;8;15.12
2012;9;9;12.08
2012;9;10;12.21
2012;9;11;14.72
2012;9;12;16.77
2012;9;13;17.02
2012;9;14;16.91
2012;9;15;19.98
2012;9;16;17.11
2012;9;17;13.76
2012;9;18;13.12
2012;9;19;9.55
2012;9;20;10.42
2012;9;21;11.32
2012;9;22;12.24
2012;9;23;13.69
2012;9;24;11.45
2012;9;25;7.57
2012;9;26;8.4
2012;9;27;12.44
2012;9;28;14.39
2012;9;29;15.09
2012;9;30;17.45
2012;10;1;18.01
2012;10;2;15.58
2012;10;3;15.38
2012;10;4;15.08
2012;10;5;18.77
2012;10;6;18.45
2012;10;7;14.06
2012;10;8;17.69
2012;10;9;17.72
2012;10;10;11.6
2012;10;11;13.31
2012;10;12;15.05
2012;10;13;17.48
2012;10;14;19.37
2012;10;15;19.32
2012;10;16;15.82
2012;10;17;16.15
2012;10;18;16.12
2012;10;19;18.9
2012;10;20;18.61
2012;10;21;19.24
2012;10;22;17.32
2012;10;23;14.35
2012;10;24;15.68
2012;10;25;17.16
2012;10;26;19.8
2012;10;27;19.97
2012;10;28;21.33
2012;10;29;19.09
2012;10;30;16.67
2012;10;31;17.14
2012;11;1;19.65
2012;11;2;21.06
2012;11;3;22.15
2012;11;4;21.86
2012;11;5;23.65
2012;11;6;25.33
2012;11;7;25.61
2012;11;8;25.48
2012;11;9;19.27
2012;11;10;14.48
2012;11;11;16.28
2012;11;12;16.48
2012;11;13;16.99
2012;11;14;18.3
2012;11;15;19.18
2012;11;16;20.67
2012;11;17;21.41
2012;11;18;20.71
2012;11;19;22.03
2012;11;20;23.51
2012;11;21;24.42
2012;11;22;18.86
2012;11;23;16.89
2012;11;24;17.98
2012;11;25;18
2012;11;26;19.61
2012;11;27;22.22
2012;11;28;21.12
2012;11;29;19.44
2012;11;30;20.33
2012;12;1;20.62
2012;12;2;23.8
2012;12;3;24.3
2012;12;4;22.17
2012;12;5;25.42
2012;12;6;24
2012;12;7;19.01
2012;12;8;20.14
2012;12;9;22.43
2012;12;10;22.19
2012;12;11;21.13
2012;12;12;23.01
2012;12;13;21.04
2012;12;14;23.43
2012;12;15;24.65
2012;12;16;23.06
2012;12;17;20.03
2012;12;18;19.6
2012;12;19;22.96
2012;12;20;20.13
2012;12;21;20.95
2012;12;22;22.64
2012;12;23;24
2012;12;24;28.44
2012;12;25;22.34
2012;12;26;18.26
2012;12;27;18.86
2012;12;28;21.08
2012;12;29;21.8
2012;12;30;24.48
2012;12;31;23.4
2013;1;1;16.23
2013;1;2;18.07
2013;1;3;20.8
2013;1;4;24.85
2013;1;5;24.6
2013;1;6;23.9
2013;1;7;25.21
2013;1;8;23.61
2013;1;9;24.51
2013;1;10;25.61
2013;1;11;25.77
2013;1;12;25.98
2013;1;13;25.9
2013;1;14;25.49
2013;1;15;25.67
2013;1;16;25.76
2013;1;17;24.6
2013;1;18;23.98
2013;1;19;21.55
2013;1;20;21.3
2013;1;21;22.83
2013;1;22;24.42
2013;1;23;26.94
2013;1;24;28.61
2013;1;25;18.92
2013;1;26;21.7
2013;1;27;24.66
2013;1;28;28.15
2013;1;29;28.98
2013;1;30;28.74
2013;1;31;28.47
2013;2;1;30.08
2013;2;2;25.66
2013;2;3;21.33
2013;2;4;21.51
2013;2;5;23.71
2013;2;6;24.62
2013;2;7;24.71
2013;2;8;26.09
2013;2;9;26.56
2013;2;10;27.33
2013;2;11;26.67
2013;2;12;27.17
2013;2;13;24.36
2013;2;14;25.72
2013;2;15;26.6
2013;2;16;28.38
2013;2;17;24.81
2013;2;18;19.41
2013;2;19;19.99
2013;2;20;21.39
2013;2;21;21
2013;2;22;20.69
2013;2;23;21.91
2013;2;24;20.94
2013;2;25;17.56
2013;2;26;15.48
2013;2;27;17.55
2013;2;28;19.56
2013;3;1;22.39
2013;3;2;21.14
2013;3;3;18.49
2013;3;4;17.18
2013;3;5;18.24
2013;3;6;21.05
2013;3;7;21.65
2013;3;8;22.26
2013;3;9;24.23
2013;3;10;20.53
2013;3;11;18.98
2013;3;12;17.62
2013;3;13;14.95
2013;3;14;14.03
2013;3;15;14.51
2013;3;16;13.9
2013;3;17;15.12
2013;3;18;17.89
2013;3;19;18.93
2013;3;20;18.65
2013;3;21;20.26
2013;3;22;18.32
2013;3;23;19.05
2013;3;24;20.12
2013;3;25;18.16
2013;3;26;17.16
2013;3;27;17.62
2013;3;28;18.37
2013;3;29;19.92
2013;3;30;21.44
2013;3;31;22.95
2013;4;1;20.94
2013;4;2;20.15
2013;4;3;18.75
2013;4;4;17.27
2013;4;5;18.46
2013;4;6;14.22
2013;4;7;12.59
2013;4;8;15.65
2013;4;9;16.46
2013;4;10;16.98
2013;4;11;17.9
2013;4;12;14.05
2013;4;13;11.06
2013;4;14;14.69
2013;4;15;15.96
2013;4;16;13.21
2013;4;17;15.02
2013;4;18;16.9
2013;4;19;17.98
2013;4;20;17.67
2013;4;21;18.49
2013;4;22;17.96
2013;4;23;18.59
2013;4;24;19.07
2013;4;25;19.48
2013;4;26;19.06
2013;4;27;20.23
2013;4;28;18.22
2013;4;29;16.04
2013;4;30;16.43
2013;5;1;18
2013;5;2;18.16
2013;5;3;15.83
2013;5;4;13.81
2013;5;5;13.78
2013;5;6;14.03
2013;5;7;10.06
2013;5;8;12.87
2013;5;9;15.29
2013;5;10;16.98
2013;5;11;16.14
2013;5;12;13.78
2013;5;13;14.4
2013;5;14;14.96
2013;5;15;7.06
2013;5;16;5.98
2013;5;17;7.98
2013;5;18;9.65
2013;5;19;11.21
2013;5;20;9.26
2013;5;21;9.34
2013;5;22;11.63
2013;5;23;12.78
2013;5;24;10.65
2013;5;25;11.73
2013;5;26;12.34
2013;5;27;13.64
2013;5;28;14.45
2013;5;29;11.45
2013;5;30;10.18
2013;5;31;12.3
2013;6;1;11.56
2013;6;2;8.85
2013;6;3;11.04
2013;6;4;13.32
2013;6;5;12.66
2013;6;6;8.76
2013;6;7;9.78
2013;6;8;8
2013;6;9;10.51
2013;6;10;10.09
2013;6;11;11.45
2013;6;12;15.34
2013;6;13;18.06
2013;6;14;10.03
2013;6;15;9.3
2013;6;16;9
2013;6;17;6.98
2013;6;18;8.48
2013;6;19;4.54
2013;6;20;6.44
2013;6;21;6.46
2013;6;22;6.76
2013;6;23;7.94
2013;6;24;7.11
2013;6;25;7.94
2013;6;26;8.39
2013;6;27;9.56
2013;6;28;11.4
2013;6;29;9.21
2013;6;30;7.34
2013;7;1;9.11
2013;7;2;11.2
2013;7;3;13.51
2013;7;4;15.99
2013;7;5;13.58
2013;7;6;13.21
2013;7;7;7.72
2013;7;8;6.85
2013;7;9;7.62
2013;7;10;11.62
2013;7;11;13.17
2013;7;12;10.07
2013;7;13;10.05
2013;7;14;8.62
2013;7;15;7.75
2013;7;16;10.89
2013;7;17;13.05
2013;7;18;7.48
2013;7;19;4.58
2013;7;20;6.08
2013;7;21;3.08
2013;7;22;4.64
2013;7;23;3.63
2013;7;24;4.78
2013;7;25;6.61
2013;7;26;8.62
2013;7;27;11.65
2013;7;28;11.39
2013;7;29;11.76
2013;7;30;12.37
2013;7;31;15.14
2013;8;1;10.94
2013;8;2;7.87
2013;8;3;8.83
2013;8;4;10.29
2013;8;5;11.31
2013;8;6;10.05
2013;8;7;12.69
2013;8;8;9.65
2013;8;9;7.14
2013;8;10;6.73
2013;8;11;8.35
2013;8;12;8.63
2013;8;13;4.22
2013;8;14;4.9
2013;8;15;6.95
2013;8;16;7.87
2013;8;17;7.68
2013;8;18;10.67
2013;8;19;15.4
2013;8;20;16.67
2013;8;21;15.67
2013;8;22;7.63
2013;8;23;4.27
2013;8;24;6.2
2013;8;25;5.52
2013;8;26;4.78
2013;8;27;7.39
2013;8;28;12.68
2013;8;29;14.31
2013;8;30;15.12
2013;8;31;16.52
2013;9;1;16.94
2013;9;2;14.64
2013;9;3;9.15
2013;9;4;9.83
2013;9;5;12.4
2013;9;6;16.23
2013;9;7;17.58
2013;9;8;16.53
2013;9;9;20.12
2013;9;10;23.91
2013;9;11;21.69
2013;9;12;15.77
2013;9;13;11.05
2013;9;14;9.1
2013;9;15;9.41
2013;9;16;7.75
2013;9;17;6.82
2013;9;18;8.62
2013;9;19;11.3
2013;9;20;13.53
2013;9;21;10.8
2013;9;22;8.34
2013;9;23;8.66
2013;9;24;8.85
2013;9;25;10.7
2013;9;26;12.66
2013;9;27;13.96
2013;9;28;14.55
2013;9;29;9.42
2013;9;30;9.62
2013;10;1;11.8
2013;10;2;13.51
2013;10;3;13.27
2013;10;4;13.57
2013;10;5;13.59
2013;10;6;15.13
2013;10;7;15.76
2013;10;8;17.76
2013;10;9;18.74
2013;10;10;19.3
2013;10;11;16.83
2013;10;12;17.22
2013;10;13;18.28
2013;10;14;19.34
2013;10;15;20.44
2013;10;16;21.12
2013;10;17;20.48
2013;10;18;19.15
2013;10;19;20.88
2013;10;20;19.66
2013;10;21;15.16
2013;10;22;16.94
2013;10;23;18.07
2013;10;24;13.38
2013;10;25;14.96
2013;10;26;18.82
2013;10;27;16.31
2013;10;28;16.29
2013;10;29;19.3
2013;10;30;19.62
2013;10;31;21.99
2013;11;1;19.66
2013;11;2;17.3
2013;11;3;17.91
2013;11;4;16.55
2013;11;5;17.97
2013;11;6;20.23
2013;11;7;20.3
2013;11;8;17.55
2013;11;9;19.88
2013;11;10;19.92
2013;11;11;19.8
2013;11;12;19.78
2013;11;13;20.99
2013;11;14;24.92
2013;11;15;19.01
2013;11;16;17.64
2013;11;17;20
2013;11;18;21.72
2013;11;19;17.6
2013;11;20;19.55
2013;11;21;20.02
2013;11;22;21.54
2013;11;23;22.64
2013;11;24;24.6
2013;11;25;22.23
2013;11;26;18.51
2013;11;27;16.33
2013;11;28;19.19
2013;11;29;20.08
2013;11;30;22.73
2013;12;1;23.8
2013;12;2;26.15
2013;12;3;17.63
2013;12;4;22.81
2013;12;5;21.19
2013;12;6;20.07
2013;12;7;24.73
2013;12;8;28.02
2013;12;9;22.32
2013;12;10;19.63
2013;12;11;22.45
2013;12;12;25
2013;12;13;26.16
2013;12;14;27.93
2013;12;15;29.07
2013;12;16;28.69
2013;12;17;30.01
2013;12;18;26.69
2013;12;19;27.08
2013;12;20;26.96
2013;12;21;27.51
2013;12;22;28.69
2013;12;23;29.78
2013;12;24;30.89
2013;12;25;31.83
2013;12;26;30.98
2013;12;27;30.72
2013;12;28;31.95
2013;12;29;31.12
2013;12;30;32.07
2013;12;31;27.87
2014;1;1;27.86
2014;1;2;21.74
2014;1;3;18.45
2014;1;4;21.79
2014;1;5;25.28
2014;1;6;27.69
2014;1;7;28.89
2014;1;8;23.94
2014;1;9;27.17
2014;1;10;24.83
2014;1;11;21.44
2014;1;12;20.15
2014;1;13;22.8
2014;1;14;25.57
2014;1;15;28.07
2014;1;16;29.58
2014;1;17;30.94
2014;1;18;31.88
2014;1;19;27.42
2014;1;20;29.2
2014;1;21;27.85
2014;1;22;28.51
2014;1;23;29.65
2014;1;24;19.46
2014;1;25;17.4
2014;1;26;21.01
2014;1;27;24.48
2014;1;28;24.44
2014;1;29;23.32
2014;1;30;24.98
2014;1;31;26.97
2014;2;1;24.26
2014;2;2;24.07
2014;2;3;19.98
2014;2;4;23.24
2014;2;5;25.65
2014;2;6;20.02
2014;2;7;22.87
2014;2;8;26.49
2014;2;9;22.09
2014;2;10;22.19
2014;2;11;25.08
2014;2;12;24.05
2014;2;13;21.56
2014;2;14;18.93
2014;2;15;20.12
2014;2;16;21.52
2014;2;17;22.88
2014;2;18;23.01
2014;2;19;24.3
2014;2;20;23.66
2014;2;21;23.01
2014;2;22;21.11
2014;2;23;21.3
2014;2;24;21.86
2014;2;25;16.49
2014;2;26;17.63
2014;2;27;17.7
2014;2;28;19.96
2014;3;1;20.15
2014;3;2;20.44
2014;3;3;20.76
2014;3;4;20.45
2014;3;5;21.11
2014;3;6;19.3
2014;3;7;19.61
2014;3;8;19.19
2014;3;9;19.63
2014;3;10;16.78
2014;3;11;17.74
2014;3;12;20.3
2014;3;13;20.98
2014;3;14;20.87
2014;3;15;19.19
2014;3;16;20.4
2014;3;17;17.88
2014;3;18;14.59
2014;3;19;16.37
2014;3;20;17.64
2014;3;21;14.95
2014;3;22;13.17
2014;3;23;15.51
2014;3;24;17.36
2014;3;25;18.84
2014;3;26;20.51
2014;3;27;21.73
2014;3;28;21.8
2014;3;29;22.64
2014;3;30;19.3
2014;3;31;14.34
2014;4;1;17.47
2014;4;2;20.12
2014;4;3;22.07
2014;4;4;23.51
2014;4;5;23.12
2014;4;6;22.2
2014;4;7;22.08
2014;4;8;17.94
2014;4;9;16.26
2014;4;10;15.08
2014;4;11;14.05
2014;4;12;12.39
2014;4;13;11.26
2014;4;14;11.45
2014;4;15;13.24
2014;4;16;15.52
2014;4;17;14.67
2014;4;18;12.75
2014;4;19;13.71
2014;4;20;15.74
2014;4;21;16.29
2014;4;22;13.72
2014;4;23;14.76
2014;4;24;16.11
2014;4;25;14.18
2014;4;26;14.03
2014;4;27;16.04
2014;4;28;17.47
2014;4;29;16.34
2014;4;30;15.89
2014;5;1;14.69
2014;5;2;15.51
2014;5;3;15.87
2014;5;4;16.52
2014;5;5;16.48
2014;5;6;16.36
2014;5;7;16.96
2014;5;8;14.2
2014;5;9;14.12
2014;5;10;15.47
2014;5;11;15.24
2014;5;12;15.98
2014;5;13;15.06
2014;5;14;13.83
2014;5;15;15.54
2014;5;16;13.71
2014;5;17;11.09
2014;5;18;10.67
2014;5;19;12.8
2014;5;20;12.34
2014;5;21;11.76
2014;5;22;9.33
2014;5;23;6.9
2014;5;24;7.72
2014;5;25;9.06
2014;5;26;9.2
2014;5;27;9.96
2014;5;28;9.87
2014;5;29;11.73
2014;5;30;13.9
2014;5;31;12.03
2014;6;1;9.49
2014;6;2;9.73
2014;6;3;11.01
2014;6;4;10.73
2014;6;5;9.25
2014;6;6;8.45
2014;6;7;9.94
2014;6;8;7.93
2014;6;9;10.06
2014;6;10;10.62
2014;6;11;13.45
2014;6;12;15.12
2014;6;13;7.58
2014;6;14;7.27
2014;6;15;9.14
2014;6;16;9.08
2014;6;17;7.11
2014;6;18;4.94
2014;6;19;4.56
2014;6;20;6.72
2014;6;21;10.15
2014;6;22;12.63
2014;6;23;13.11
2014;6;24;9.76
2014;6;25;8.71
2014;6;26;8.54
2014;6;27;6.94
2014;6;28;7.73
2014;6;29;6.71
2014;6;30;6.2
2014;7;1;5.73
2014;7;2;7.33
2014;7;3;8.19
2014;7;4;9.62
2014;7;5;9.74
2014;7;6;4.98
2014;7;7;6.83
2014;7;8;8.48
2014;7;9;8.16
2014;7;10;9.31
2014;7;11;11.2
2014;7;12;13.57
2014;7;13;13.93
2014;7;14;15.77
2014;7;15;13.87
2014;7;16;10.46
2014;7;17;9.76
2014;7;18;8.32
2014;7;19;10.02
2014;7;20;11.37
2014;7;21;12.95
2014;7;22;12.98
2014;7;23;8
2014;7;24;5.95
2014;7;25;6.36
2014;7;26;4.46
2014;7;27;5.67
2014;7;28;8.99
2014;7;29;12.98
2014;7;30;11.75
2014;7;31;13.84
2014;8;1;16.04
2014;8;2;18.85
2014;8;3;14.34
2014;8;4;9.61
2014;8;5;9.9
2014;8;6;11.66
2014;8;7;9.29
2014;8;8;8.14
2014;8;9;9.93
2014;8;10;10.39
2014;8;11;7.12
2014;8;12;6.39
2014;8;13;5.84
2014;8;14;7.8
2014;8;15;9.55
2014;8;16;12.07
2014;8;17;13.46
2014;8;18;16.19
2014;8;19;16.97
2014;8;20;17.75
2014;8;21;20.77
2014;8;22;19.26
2014;8;23;18.88
2014;8;24;11.54
2014;8;25;7.51
2014;8;26;8.33
2014;8;27;6.68
2014;8;28;8.82
2014;8;29;10.33
2014;8;30;12.85
2014;8;31;13.9
2014;9;1;13.26
2014;9;2;14.29
2014;9;3;15.58
2014;9;4;16.54
2014;9;5;16.67
2014;9;6;14.02
2014;9;7;13.18
2014;9;8;16.58
2014;9;9;14.72
2014;9;10;10.79
2014;9;11;11.53
2014;9;12;12.14
2014;9;13;12.87
2014;9;14;14.15
2014;9;15;12.65
2014;9;16;12.98
2014;9;17;13.72
2014;9;18;14.38
2014;9;19;16.12
2014;9;20;14.75
2014;9;21;13.47
2014;9;22;15.52
2014;9;23;13.07
2014;9;24;13.41
2014;9;25;15.39
2014;9;26;11.31
2014;9;27;13.07
2014;9;28;14.59
2014;9;29;15.75
2014;9;30;14.86
2014;10;1;13.4
2014;10;2;12.49
2014;10;3;14.3
2014;10;4;15.05
2014;10;5;15.73
2014;10;6;16.2
2014;10;7;18.37
2014;10;8;20.37
2014;10;9;19.01
2014;10;10;12.01
2014;10;11;12.94
2014;10;12;16.27
2014;10;13;17.02
2014;10;14;18.76
2014;10;15;18.93
2014;10;16;19.89
2014;10;17;18.83
2014;10;18;18.98
2014;10;19;17.18
2014;10;20;16.64
2014;10;21;19.44
2014;10;22;21.44
2014;10;23;22.51
2014;10;24;22.83
2014;10;25;23.9
2014;10;26;25.09
2014;10;27;25.14
2014;10;28;19.18
2014;10;29;18.52
2014;10;30;17.61
2014;10;31;17.67
2014;11;1;14.4
2014;11;2;14.31
2014;11;3;16.26
2014;11;4;14.5
2014;11;5;16.82
2014;11;6;18.07
2014;11;7;19.26
2014;11;8;18.9
2014;11;9;20.45
2014;11;10;21.62
2014;11;11;22.44
2014;11;12;18.64
2014;11;13;16.42
2014;11;14;18.38
2014;11;15;22.14
2014;11;16;21.06
2014;11;17;21.15
2014;11;18;23.61
2014;11;19;18.76
2014;11;20;18.65
2014;11;21;18.12
2014;11;22;17.08
2014;11;23;20.45
2014;11;24;19.72
2014;11;25;18.24
2014;11;26;18.04
2014;11;27;20.18
2014;11;28;21.15
2014;11;29;22.77
2014;11;30;15.52
2014;12;1;16.01
2014;12;2;17.56
2014;12;3;20.76
2014;12;4;22.52
2014;12;5;22.68
2014;12;6;25.25
2014;12;7;21.74
2014;12;8;22.48
2014;12;9;25.24
2014;12;10;20.02
2014;12;11;18.59
2014;12;12;21.48
2014;12;13;22.55
2014;12;14;19.84
2014;12;15;20.9
2014;12;16;21.53
2014;12;17;23.21
2014;12;18;24.45
2014;12;19;25.4
2014;12;20;19.19
2014;12;21;17.19
2014;12;22;16.31
2014;12;23;18.15
2014;12;24;20.37
2014;12;25;23.73
2014;12;26;25.8
2014;12;27;25.16
2014;12;28;26.62
2014;12;29;27.25
2014;12;30;27.07
2014;12;31;22.44
2015;1;1;19.02
2015;1;2;18.11
2015;1;3;21.31
2015;1;4;20.99
2015;1;5;25.64
2015;1;6;25.8
2015;1;7;22.5
2015;1;8;25.6
2015;1;9;26.15
2015;1;10;24.13
2015;1;11;25.22
2015;1;12;26.56
2015;1;13;22.37
2015;1;14;24.27
2015;1;15;23.17
2015;1;16;25.55
2015;1;17;22.6
2015;1;18;23.03
2015;1;19;22.98
2015;1;20;19.21
2015;1;21;20.16
2015;1;22;22.07
2015;1;23;23.48
2015;1;24;25
2015;1;25;25.74
2015;1;26;27.53
2015;1;27;27.48
2015;1;28;20.69
2015;1;29;19.03
2015;1;30;19.57
2015;1;31;21.84
2015;2;1;23.34
2015;2;2;24.8
2015;2;3;25.04
2015;2;4;25.47
2015;2;5;26
2015;2;6;26.48
2015;2;7;26.48
2015;2;8;26.46
2015;2;9;26.56
2015;2;10;21.61
2015;2;11;23.07
2015;2;12;24.83
2015;2;13;20.39
2015;2;14;21.71
2015;2;15;23.15
2015;2;16;24.52
2015;2;17;25.6
2015;2;18;24.21
2015;2;19;18.01
2015;2;20;17.69
2015;2;21;21.91
2015;2;22;24.62
2015;2;23;26.34
2015;2;24;27.16
2015;2;25;23.12
2015;2;26;22.69
2015;2;27;22.99
2015;2;28;21.37
2015;3;1;22.63
2015;3;2;24.48
2015;3;3;23.62
2015;3;4;23.23
2015;3;5;22.54
2015;3;6;23.12
2015;3;7;23.57
2015;3;8;24.49
2015;3;9;24.76
2015;3;10;26.35
2015;3;11;26.07
2015;3;12;25.63
2015;3;13;25.71
2015;3;14;23.16
2015;3;15;22.6
2015;3;16;24.45
2015;3;17;26.86
2015;3;18;25.93
2015;3;19;25.2
2015;3;20;25.49
2015;3;21;17.37
2015;3;22;17.21
2015;3;23;17.14
2015;3;24;17.5
2015;3;25;17.91
2015;3;26;17.11
2015;3;27;18.15
2015;3;28;18.87
2015;3;29;21.08
2015;3;30;22.12
2015;3;31;19.8
2015;4;1;20.06
2015;4;2;21.56
2015;4;3;23.6
2015;4;4;21.8
2015;4;5;20.08
2015;4;6;15.91
2015;4;7;18.55
2015;4;8;19.94
2015;4;9;21.69
2015;4;10;22.98
2015;4;11;19.89
2015;4;12;21.1
2015;4;13;23.15
2015;4;14;22.32
2015;4;15;20.4
2015;4;16;21.16
2015;4;17;16.85
2015;4;18;15.77
2015;4;19;17.98
2015;4;20;16.93
2015;4;21;15.24
2015;4;22;16.61
2015;4;23;17.4
2015;4;24;17.76
2015;4;25;19.72
2015;4;26;20.34
2015;4;27;19.7
2015;4;28;18.95
2015;4;29;16.64
2015;4;30;17.94
2015;5;1;17.44
2015;5;2;15.84
2015;5;3;8.99
2015;5;4;10.73
2015;5;5;13.55
2015;5;6;11.15
2015;5;7;10.3
2015;5;8;12.71
2015;5;9;14.01
2015;5;10;14.24
2015;5;11;14.48
2015;5;12;15.72
2015;5;13;15.59
2015;5;14;17.11
2015;5;15;18.33
2015;5;16;19.65
2015;5;17;20.49
2015;5;18;20.87
2015;5;19;21.17
2015;5;20;20.31
2015;5;21;20.45
2015;5;22;21.28
2015;5;23;16.64
2015;5;24;11.59
2015;5;25;12.34
2015;5;26;11.68
2015;5;27;12.98
2015;5;28;12.54
2015;5;29;10.76
2015;5;30;12.82
2015;5;31;13.23
2015;6;1;13.1
2015;6;2;13.69
2015;6;3;14.55
2015;6;4;12.94
2015;6;5;19.75
2015;6;6;18.29
2015;6;7;13.35
2015;6;8;12.08
2015;6;9;13.48
2015;6;10;10.85
2015;6;11;7.83
2015;6;12;7.56
2015;6;13;9.55
2015;6;14;8.33
2015;6;15;7.23
2015;6;16;10.05
2015;6;17;8.4
2015;6;18;4.04
2015;6;19;4.76
2015;6;20;6.44
2015;6;21;6.95
2015;6;22;6.5
2015;6;23;3.69
2015;6;24;7.44
2015;6;25;13.65
2015;6;26;15.75
2015;6;27;16.44
2015;6;28;16.59
2015;6;29;13.83
2015;6;30;10.44
2015;7;1;9.83
2015;7;2;10.48
2015;7;3;8.28
2015;7;4;4.8
2015;7;5;6.96
2015;7;6;9.7
2015;7;7;10.26
2015;7;8;8.63
2015;7;9;11.21
2015;7;10;12.2
2015;7;11;12.16
2015;7;12;14.84
2015;7;13;8.72
2015;7;14;5.93
2015;7;15;6.29
2015;7;16;7.9
2015;7;17;8.39
2015;7;18;10.77
2015;7;19;10.95
2015;7;20;6.65
2015;7;21;5.61
2015;7;22;7.58
2015;7;23;8.15
2015;7;24;9.55
2015;7;25;12.02
2015;7;26;13.19
2015;7;27;14.35
2015;7;28;18.57
2015;7;29;14.66
2015;7;30;16.16
2015;7;31;14.77
2015;8;1;12.36
2015;8;2;14.51
2015;8;3;12.48
2015;8;4;11.83
2015;8;5;13.73
2015;8;6;19.36
2015;8;7;16.82
2015;8;8;15.76
2015;8;9;15.8
2015;8;10;11.17
2015;8;11;11.97
2015;8;12;10.15
2015;8;13;11.66
2015;8;14;9.08
2015;8;15;10.42
2015;8;16;10.19
2015;8;17;12.49
2015;8;18;12.75
2015;8;19;10.44
2015;8;20;11.28
2015;8;21;12.93
2015;8;22;13.26
2015;8;23;8.88
2015;8;24;9.14
2015;8;25;12.27
2015;8;26;15.07
2015;8;27;11.97
2015;8;28;15.27
2015;8;29;16.48
2015;8;30;16.82
2015;8;31;16.29
2015;9;1;8.55
2015;9;2;11.39
2015;9;3;11.46
2015;9;4;11.84
2015;9;5;13.05
2015;9;6;13.3
2015;9;7;13.4
2015;9;8;14.39
2015;9;9;8.64
2015;9;10;8.58
2015;9;11;5.98
2015;9;12;9.55
2015;9;13;12.24
2015;9;14;15.16
2015;9;15;16.08
2015;9;16;12.08
2015;9;17;12.55
2015;9;18;13.49
2015;9;19;14.51
2015;9;20;14.17
2015;9;21;14.81
2015;9;22;13.17
2015;9;23;14.12
2015;9;24;13.55
2015;9;25;13.44
2015;9;26;14.44
2015;9;27;15.76
2015;9;28;14.52
2015;9;29;12.44
2015;9;30;12.44
2015;10;1;14.68
2015;10;2;12.16
2015;10;3;8.26
2015;10;4;11.72
2015;10;5;14.69
2015;10;6;16.15
2015;10;7;13.74
2015;10;8;14.01
2015;10;9;12.28
2015;10;10;11.5
2015;10;11;11.73
2015;10;12;12.69
2015;10;13;14.8
2015;10;14;16.26
2015;10;15;14.33
2015;10;16;11.48
2015;10;17;11.24
2015;10;18;13.34
2015;10;19;14.98
2015;10;20;17.09
2015;10;21;17.51
2015;10;22;17.76
2015;10;23;12.3
2015;10;24;13.21
2015;10;25;15.94
2015;10;26;18.66
2015;10;27;19.31
2015;10;28;20.97
2015;10;29;19.45
2015;10;30;16.19
2015;10;31;14.39
2015;11;1;15.06
2015;11;2;14.8
2015;11;3;18.22
2015;11;4;15.9
2015;11;5;18.14
2015;11;6;20.48
2015;11;7;21.05
2015;11;8;22.33
2015;11;9;22.95
2015;11;10;20.64
2015;11;11;21.19
2015;11;12;21.08
2015;11;13;18.77
2015;11;14;21.72
2015;11;15;22.51
2015;11;16;22.33
2015;11;17;19.89
2015;11;18;18.25
2015;11;19;15.14
2015;11;20;14.72
2015;11;21;17.44
2015;11;22;19.09
2015;11;23;18.75
2015;11;24;18.14
2015;11;25;19.83
2015;11;26;20.23
2015;11;27;19.12
2015;11;28;18.05
2015;11;29;18.87
2015;11;30;22.01
2015;12;1;22.48
2015;12;2;22.76
2015;12;3;22.37
2015;12;4;23.11
2015;12;5;21.83
2015;12;6;17.69
2015;12;7;20.77
2015;12;8;23.5
2015;12;9;22.45
2015;12;10;24.69
2015;12;11;27.49
2015;12;12;27.52
2015;12;13;27.26
2015;12;14;23.59
2015;12;15;23.48
2015;12;16;24.83
2015;12;17;22.01
2015;12;18;20.81
2015;12;19;19.64
2015;12;20;21.55
2015;12;21;24.72
2015;12;22;23.21
2015;12;23;22.89
2015;12;24;23.06
2015;12;25;24.9
2015;12;26;24.76
2015;12;27;27.58
2015;12;28;29.44
2015;12;29;27.16
2015;12;30;27.6
2015;12;31;25.77
2016;1;1;25.32
2016;1;2;26.53
2016;1;3;26.08
2016;1;4;26.41
2016;1;5;26.58
2016;1;6;22.92
2016;1;7;23.59
2016;1;8;24.76
2016;1;9;24.64
2016;1;10;25.17
2016;1;11;27.14
2016;1;12;27.48
2016;1;13;24.99
2016;1;14;27.42
2016;1;15;27.12
2016;1;16;27.81
2016;1;17;28.77
2016;1;18;26.4
2016;1;19;24.73
2016;1;20;27.25
2016;1;21;26.91
2016;1;22;31.35
2016;1;23;25.69
2016;1;24;29.39
2016;1;25;24.81
2016;1;26;24.18
2016;1;27;22.78
2016;1;28;22.96
2016;1;29;25.01
2016;1;30;24.47
2016;1;31;23.41
2016;2;1;21.9
2016;2;2;24.62
2016;2;3;24.73
2016;2;4;27.25
2016;2;5;28.44
2016;2;6;30.16
2016;2;7;28.85
2016;2;8;23.54
2016;2;9;25.36
2016;2;10;25.83
2016;2;11;27.44
2016;2;12;29.6
2016;2;13;26.09
2016;2;14;24.93
2016;2;15;27.11
2016;2;16;27.51
2016;2;17;25.84
2016;2;18;24.87
2016;2;19;22.9
2016;2;20;22.44
2016;2;21;24.41
2016;2;22;25.13
2016;2;23;26.64
2016;2;24;27.5
2016;2;25;23.15
2016;2;26;20.28
2016;2;27;19.22
2016;2;28;21.94
2016;2;29;23.54
2016;3;1;21.01
2016;3;2;20.08
2016;3;3;21.58
2016;3;4;21.82
2016;3;5;20.23
2016;3;6;17.33
2016;3;7;19.37
2016;3;8;22.28
2016;3;9;20.94
2016;3;10;16.94
2016;3;11;18.96
2016;3;12;18.93
2016;3;13;19.72
2016;3;14;21.79
2016;3;15;23.65
2016;3;16;26.34
2016;3;17;27.2
2016;3;18;19.11
2016;3;19;16.05
2016;3;20;16.98
2016;3;21;18.08
2016;3;22;19.55
2016;3;23;19.54
2016;3;24;19.69
2016;3;25;17.63
2016;3;26;18.28
2016;3;27;19.68
2016;3;28;19.94
2016;3;29;21.78
2016;3;30;21.83
2016;3;31;23.04
2016;4;1;23.76
2016;4;2;20.75
2016;4;3;18.99
2016;4;4;18.45
2016;4;5;18.05
2016;4;6;19.44
2016;4;7;19.13
2016;4;8;18.72
2016;4;9;18.6
2016;4;10;16.05
2016;4;11;16.47
2016;4;12;18.68
2016;4;13;18.69
2016;4;14;18.96
2016;4;15;23.2
2016;4;16;21.1
2016;4;17;17.37
2016;4;18;16.24
2016;4;19;16.26
2016;4;20;14.12
2016;4;21;14.65
2016;4;22;14.48
2016;4;23;17.79
2016;4;24;15.32
2016;4;25;11.15
2016;4;26;8.62
2016;4;27;6.92
2016;4;28;8.31
2016;4;29;9.44
2016;4;30;7.93
2016;5;1;10.09
2016;5;2;13.61
2016;5;3;10.19
2016;5;4;11.74
2016;5;5;12.46
2016;5;6;12.32
2016;5;7;11.3
2016;5;8;13.45
2016;5;9;15.31
2016;5;10;14.42
2016;5;11;10.33
2016;5;12;9.98
2016;5;13;10.58
2016;5;14;11.81
2016;5;15;12.23
2016;5;16;8.98
2016;5;17;7.42
2016;5;18;8.29
2016;5;19;9.45
2016;5;20;11.13
2016;5;21;11.44
2016;5;22;9.1
2016;5;23;8.62
2016;5;24;10.21
2016;5;25;12.08
2016;5;26;12.12
2016;5;27;12.25
2016;5;28;12.83
2016;5;29;14.21
2016;5;30;12.43
2016;5;31;11.56
2016;6;1;8.89
2016;6;2;7.42
2016;6;3;8.19
2016;6;4;8.36
2016;6;5;7.59
2016;6;6;8
2016;6;7;7.86
2016;6;8;5.17
2016;6;9;5.43
2016;6;10;4.85
2016;6;11;4.36
2016;6;12;5.55
2016;6;13;6.23
2016;6;14;9.43
2016;6;15;10.08
2016;6;16;9.93
2016;6;17;8.23
2016;6;18;8.44
2016;6;19;5.94
2016;6;20;6.12
2016;6;21;7.55
2016;6;22;8.02
2016;6;23;9.91
2016;6;24;9.51
2016;6;25;9.12
2016;6;26;8.83
2016;6;27;10.65
2016;6;28;8.05
2016;6;29;10.05
2016;6;30;13.59
2016;7;1;12.53
2016;7;2;11.44
2016;7;3;12.4
2016;7;4;10.41
2016;7;5;8.58
2016;7;6;8.87
2016;7;7;8.97
2016;7;8;9.93
2016;7;9;10.62
2016;7;10;12.19
2016;7;11;12.52
2016;7;12;9.4
2016;7;13;8.86
2016;7;14;9.49
2016;7;15;9.08
2016;7;16;6.16
2016;7;17;4.94
2016;7;18;6.73
2016;7;19;6.5
2016;7;20;6.21
2016;7;21;6.59
2016;7;22;7.94
2016;7;23;10.03
2016;7;24;8.54
2016;7;25;9.71
2016;7;26;8.4
2016;7;27;7.14
2016;7;28;7.19
2016;7;29;8.38
2016;7;30;11.58
2016;7;31;12.25
2016;8;1;9.05
2016;8;2;8.26
2016;8;3;8.76
2016;8;4;12.21
2016;8;5;13.05
2016;8;6;10.61
2016;8;7;10.17
2016;8;8;11.31
2016;8;9;10.3
2016;8;10;9.69
2016;8;11;10.62
2016;8;12;12.69
2016;8;13;13.42
2016;8;14;12.19
2016;8;15;12.98
2016;8;16;12.38
2016;8;17;10.9
2016;8;18;11.52
2016;8;19;10.14
2016;8;20;7.79
2016;8;21;6.51
2016;8;22;11.17
2016;8;23;12
2016;8;24;13.15
2016;8;25;15.22
2016;8;26;17.73
2016;8;27;11.35
2016;8;28;9.87
2016;8;29;11.55
2016;8;30;11.38
2016;8;31;12.65
2016;9;1;9.33
2016;9;2;8.11
2016;9;3;7.17
2016;9;4;8.36
2016;9;5;8.98
2016;9;6;8.58
2016;9;7;11.17
2016;9;8;12.12
2016;9;9;14.55
2016;9;10;16
2016;9;11;17.51
2016;9;12;16.43
2016;9;13;11.83
2016;9;14;11.69
2016;9;15;12.05
2016;9;16;14.01
2016;9;17;15.74
2016;9;18;13.43
2016;9;19;12.02
2016;9;20;13.25
2016;9;21;16.26
2016;9;22;18.58
2016;9;23;10.68
2016;9;24;9.9
2016;9;25;11.99
2016;9;26;13.69
2016;9;27;16.08
2016;9;28;15.4
2016;9;29;12.08
2016;9;30;13.26
2016;10;1;14.87
2016;10;2;15.32
2016;10;3;16.27
2016;10;4;16.72
2016;10;5;14.75
2016;10;6;14.99
2016;10;7;13.64
2016;10;8;12.07
2016;10;9;15.4
2016;10;10;16.42
2016;10;11;17.54
2016;10;12;19.46
2016;10;13;17.44
2016;10;14;18.68
2016;10;15;19.31
2016;10;16;20.15
2016;10;17;16.76
2016;10;18;14.97
2016;10;19;14.29
2016;10;20;13.53
2016;10;21;14.37
2016;10;22;16.32
2016;10;23;17.51
2016;10;24;17.64
2016;10;25;17.15
2016;10;26;17.44
2016;10;27;12.9
2016;10;28;11.47
2016;10;29;16.4
2016;10;30;18.95
2016;10;31;20.86
2016;11;1;15.48
2016;11;2;13.01
2016;11;3;18.01
2016;11;4;20.91
2016;11;5;22.55
2016;11;6;23.81
2016;11;7;19.62
2016;11;8;19.65
2016;11;9;20.69
2016;11;10;20.03
2016;11;11;17.96
2016;11;12;20.39
2016;11;13;19.08
2016;11;14;22.33
2016;11;15;22.82
2016;11;16;17.93
2016;11;17;14.01
2016;11;18;15.69
2016;11;19;18.98
2016;11;20;20.01
2016;11;21;16.01
2016;11;22;17.9
2016;11;23;21.07
2016;11;24;23.33
2016;11;25;24.86
2016;11;26;23.47
2016;11;27;20.35
2016;11;28;21.4
2016;11;29;21.51
2016;11;30;21.42
2016;12;1;22.4
2016;12;2;25.48
2016;12;3;24.89
2016;12;4;25.69
2016;12;5;24.99
2016;12;6;21.93
2016;12;7;24.09
2016;12;8;20.1
2016;12;9;20.8
2016;12;10;25.28
2016;12;11;24.76
2016;12;12;26.89
2016;12;13;20.05
2016;12;14;19.05
2016;12;15;22.76
2016;12;16;24.87
2016;12;17;28.33
2016;12;18;24.97
2016;12;19;23.46
2016;12;20;25.94
2016;12;21;28.07
2016;12;22;23.33
2016;12;23;23.98
2016;12;24;25.43
2016;12;25;25.58
2016;12;26;20.8
2016;12;27;22.03
2016;12;28;24.33
2016;12;29;25.29
2016;12;30;26.21
2016;12;31;29.12
2017;1;1;27.39
2017;1;2;26.45
2017;1;3;27.31
2017;1;4;24.37
2017;1;5;22.14
2017;1;6;24.03
2017;1;7;27.16
2017;1;8;22.69
2017;1;9;25.6
2017;1;10;22.11
2017;1;11;23.91
2017;1;12;26.1
2017;1;13;23.3
2017;1;14;22.79
2017;1;15;21.18
2017;1;16;24.22
2017;1;17;25.44
2017;1;18;24.83
2017;1;19;26.74
2017;1;20;27.38
2017;1;21;28.23
2017;1;22;27.87
2017;1;23;26.84
2017;1;24;24.9
2017;1;25;20.5
2017;1;26;19.08
2017;1;27;21.88
2017;1;28;24.48
2017;1;29;26.5
2017;1;30;29.01
2017;1;31;25.47
2017;2;1;24.76
2017;2;2;24.51
2017;2;3;25.27
2017;2;4;24.57
2017;2;5;18.7
2017;2;6;17.78
2017;2;7;20.6
2017;2;8;23.21
2017;2;9;24.5
2017;2;10;24.36
2017;2;11;22.59
2017;2;12;21.69
2017;2;13;20.77
2017;2;14;22.93
2017;2;15;23.91
2017;2;16;24.24
2017;2;17;24.8
2017;2;18;21.65
2017;2;19;23.67
2017;2;20;25.56
2017;2;21;25.01
2017;2;22;25.85
2017;2;23;26.68
2017;2;24;26.42
2017;2;25;27.14
2017;2;26;26
2017;2;27;27.12
2017;2;28;26.2
2017;3;1;26.2
2017;3;2;27.22
2017;3;3;20.82
2017;3;4;20.18
2017;3;5;21.62
2017;3;6;23.16
2017;3;7;22.62
2017;3;8;25.05
2017;3;9;22.91
2017;3;10;17.72
2017;3;11;19.55
2017;3;12;16.37
2017;3;13;18.02
2017;3;14;20.12
2017;3;15;19.08
2017;3;16;16.23
2017;3;17;15.98
2017;3;18;17.06
2017;3;19;18.79
2017;3;20;19.3
2017;3;21;20.5
2017;3;22;21.85
2017;3;23;22.3
2017;3;24;22.76
2017;3;25;23.3
2017;3;26;22.84
2017;3;27;23.44
2017;3;28;23.01
2017;3;29;22.6
2017;3;30;23.55
2017;3;31;24.19
2017;4;1;22.41
2017;4;2;21.37
2017;4;3;20.43
2017;4;4;21.13
2017;4;5;20.32
2017;4;6;18.01
2017;4;7;19.83
2017;4;8;22.21
2017;4;9;22.4
2017;4;10;15.46
2017;4;11;15.49
2017;4;12;12.65
2017;4;13;15.01
2017;4;14;16.12
2017;4;15;16.41
2017;4;16;15.99
2017;4;17;15.49
2017;4;18;16.76
2017;4;19;18.12
2017;4;20;17.79
2017;4;21;16.18
2017;4;22;12.26
2017;4;23;15.58
2017;4;24;17.15
2017;4;25;14.8
2017;4;26;11.41
2017;4;27;12.53
2017;4;28;14.69
2017;4;29;15.7
2017;4;30;15.11
2017;5;1;15.87
2017;5;2;16.83
2017;5;3;18.62
2017;5;4;18.7
2017;5;5;19.21
2017;5;6;19.14
2017;5;7;18.69
2017;5;8;17.83
2017;5;9;12.26
2017;5;10;11.49
2017;5;11;12.1
2017;5;12;14.86
2017;5;13;14.57
2017;5;14;14.34
2017;5;15;14.14
2017;5;16;12.05
2017;5;17;13.09
2017;5;18;16
2017;5;19;15.04
2017;5;20;9.55
2017;5;21;11.89
2017;5;22;13.26
2017;5;23;15.09
2017;5;24;15.28
2017;5;25;14.8
2017;5;26;10.67
2017;5;27;9.76
2017;5;28;11.3
2017;5;29;10.64
2017;5;30;9.43
2017;5;31;9.4
2017;6;1;9.95
2017;6;2;9.05
2017;6;3;11.44
2017;6;4;9.13
2017;6;5;7.01
2017;6;6;8.02
2017;6;7;7.65
2017;6;8;9.44
2017;6;9;9.21
2017;6;10;11.89
2017;6;11;9.41
2017;6;12;6.79
2017;6;13;10.37
2017;6;14;12.04
2017;6;15;16.19
2017;6;16;20.73
2017;6;17;17.18
2017;6;18;6.66
2017;6;19;4.57
2017;6;20;6.61
2017;6;21;8.75
2017;6;22;15.63
2017;6;23;17.44
2017;6;24;17.84
2017;6;25;20.15
2017;6;26;19.4
2017;6;27;15.08
2017;6;28;10.51
2017;6;29;9.42
2017;6;30;10.57
2017;7;1;11.43
2017;7;2;10.88
2017;7;3;11.46
2017;7;4;14.19
2017;7;5;11.94
2017;7;6;8.27
2017;7;7;11.91
2017;7;8;11.55
2017;7;9;9.31
2017;7;10;8.73
2017;7;11;7.49
2017;7;12;13.71
2017;7;13;17.07
2017;7;14;11.96
2017;7;15;10.68
2017;7;16;5.08
2017;7;17;2.59
2017;7;18;4.69
2017;7;19;7.32
2017;7;20;8.4
2017;7;21;9.33
2017;7;22;10.44
2017;7;23;11.9
2017;7;24;12.03
2017;7;25;11.8
2017;7;26;14.93
2017;7;27;17.58
2017;7;28;18.48
2017;7;29;17.07
2017;7;30;11.23
2017;7;31;11.44
2017;8;1;11.54
2017;8;2;11.37
2017;8;3;10.73
2017;8;4;10.36
2017;8;5;11.41
2017;8;6;14.92
2017;8;7;15.12
2017;8;8;12.84
2017;8;9;12.94
2017;8;10;13.64
2017;8;11;15
2017;8;12;11.37
2017;8;13;9.98
2017;8;14;11.8
2017;8;15;12.36
2017;8;16;10
2017;8;17;11.74
2017;8;18;14.98
2017;8;19;11.94
2017;8;20;8.4
2017;8;21;10.13
2017;8;22;11.48
2017;8;23;15.58
2017;8;24;18.65
2017;8;25;17.65
2017;8;26;13.53
2017;8;27;15.34
2017;8;28;18.58
2017;8;29;15.9
2017;8;30;10.4
2017;8;31;11.55
2017;9;1;16.19
2017;9;2;18.88
2017;9;3;15.15
2017;9;4;12.1
2017;9;5;10.24
2017;9;6;12.54
2017;9;7;13.28
2017;9;8;13.89
2017;9;9;17.09
2017;9;10;17.08
2017;9;11;11.44
2017;9;12;11.97
2017;9;13;13.85
2017;9;14;15.11
2017;9;15;11.98
2017;9;16;12.73
2017;9;17;13.6
2017;9;18;15.24
2017;9;19;16.22
2017;9;20;18.03
2017;9;21;11.19
2017;9;22;11.44
2017;9;23;13.62
2017;9;24;14.9
2017;9;25;17.45
2017;9;26;12.41
2017;9;27;11.49
2017;9;28;13.19
2017;9;29;13.79
2017;9;30;16.89
2017;10;1;13.5
2017;10;2;13.19
2017;10;3;15.05
2017;10;4;18.8
2017;10;5;17.87
2017;10;6;15.33
2017;10;7;14.3
2017;10;8;16.3
2017;10;9;16.15
2017;10;10;13.57
2017;10;11;14.66
2017;10;12;12.51
2017;10;13;12.07
2017;10;14;14.3
2017;10;15;16.29
2017;10;16;18.76
2017;10;17;19.83
2017;10;18;19.29
2017;10;19;14.58
2017;10;20;15.94
2017;10;21;14.7
2017;10;22;11.8
2017;10;23;14.51
2017;10;24;17.15
2017;10;25;19.83
2017;10;26;19.71
2017;10;27;16.43
2017;10;28;16.57
2017;10;29;18.19
2017;10;30;16.65
2017;10;31;17.73
2017;11;1;18.71
2017;11;2;17.23
2017;11;3;17.62
2017;11;4;17.01
2017;11;5;19.1
2017;11;6;19.69
2017;11;7;18.52
2017;11;8;20.02
2017;11;9;19.29
2017;11;10;19.8
2017;11;11;16.9
2017;11;12;19.55
2017;11;13;22.12
2017;11;14;23.23
2017;11;15;22.36
2017;11;16;16.35
2017;11;17;18.33
2017;11;18;13.77
2017;11;19;17.32
2017;11;20;15.92
2017;11;21;16.18
2017;11;22;18.66
2017;11;23;20.93
2017;11;24;14.91
2017;11;25;17.46
2017;11;26;20.78
2017;11;27;19.05
2017;11;28;17.05
2017;11;29;20.83
2017;11;30;22.26
2017;12;1;22
2017;12;2;21.93
2017;12;3;21.08
2017;12;4;19.76
2017;12;5;21.63
2017;12;6;24.24
2017;12;7;24.39
2017;12;8;24.9
2017;12;9;26.65
2017;12;10;23.4
2017;12;11;18.83
2017;12;12;23.09
2017;12;13;24.3
2017;12;14;24.72
2017;12;15;28.05
2017;12;16;29.15
2017;12;17;20.27
2017;12;18;18.31
2017;12;19;17.51
2017;12;20;22.54
2017;12;21;25.22
2017;12;22;28.01
2017;12;23;20.38
2017;12;24;19.27
2017;12;25;23.54
2017;12;26;26.94
2017;12;27;25.93
2017;12;28;28.16
2017;12;29;28.82
2017;12;30;28.9
2017;12;31;21.94
2018;1;1;22.08
2018;1;2;24.45
2018;1;3;25.44
2018;1;4;28.98
2018;1;5;22.07
2018;1;6;21.76
2018;1;7;24.47
2018;1;8;26.42
2018;1;9;26.56
2018;1;10;28.62
2018;1;11;30.73
2018;1;12;28.81
2018;1;13;24.8
2018;1;14;18.95
2018;1;15;21.81
2018;1;16;24.55
2018;1;17;23.59
2018;1;18;25.83
2018;1;19;26.61
2018;1;20;26.51
2018;1;21;27.23
2018;1;22;27.73
2018;1;23;27.9
2018;1;24;22.56
2018;1;25;21.17
2018;1;26;24.51
2018;1;27;26.31
2018;1;28;25.9
2018;1;29;24.49
2018;1;30;26.08
2018;1;31;27.31
2018;2;1;28.69
2018;2;2;27.9
2018;2;3;25.68
2018;2;4;27.23
2018;2;5;28.27
2018;2;6;28.41
2018;2;7;29.89
2018;2;8;31.85
2018;2;9;24.19
2018;2;10;23.48
2018;2;11;18.19
2018;2;12;17.69
2018;2;13;20.11
2018;2;14;22.56
2018;2;15;24.43
2018;2;16;26.1
2018;2;17;26.96
2018;2;18;28.38
2018;2;19;24.78
2018;2;20;23.9
2018;2;21;21.18
2018;2;22;22.08
2018;2;23;23.25
2018;2;24;23.23
2018;2;25;22.94
2018;2;26;23.09
2018;2;27;24.9
2018;2;28;24.52
2018;3;1;26.07
2018;3;2;26.79
2018;3;3;27.31
2018;3;4;27.51
2018;3;5;24.96
2018;3;6;20.26
2018;3;7;21.45
2018;3;8;23.14
2018;3;9;25.05
2018;3;10;26.37
2018;3;11;19.5
2018;3;12;21.12
2018;3;13;21.9
2018;3;14;23.83
2018;3;15;18.7
2018;3;16;19.79
2018;3;17;23.23
2018;3;18;20.19
2018;3;19;17.19
2018;3;20;17.59
2018;3;21;15.44
2018;3;22;18.36
2018;3;23;22.33
2018;3;24;18.58
2018;3;25;13.84
2018;3;26;15.63
2018;3;27;17.6
2018;3;28;20.51
2018;3;29;22.68
2018;3;30;23.63
2018;3;31;23.44
2018;4;1;21.36
2018;4;2;20.15
2018;4;3;20.11
2018;4;4;21.21
2018;4;5;23.19
2018;4;6;17.37
2018;4;7;18.29
2018;4;8;19.87
2018;4;9;22.99
2018;4;10;23.95
2018;4;11;23.78
2018;4;12;15.63
2018;4;13;13.32
2018;4;14;16.05
2018;4;15;18.12
2018;4;16;19.69
2018;4;17;21.73
2018;4;18;23.63
2018;4;19;24.12
2018;4;20;21.81
2018;4;21;21.06
2018;4;22;21.49
2018;4;23;20.48
2018;4;24;19.81
2018;4;25;21.96
2018;4;26;22.52
2018;4;27;22.18
2018;4;28;20.18
2018;4;29;18.59
2018;4;30;16.83
2018;5;1;14.16
2018;5;2;15.99
2018;5;3;17.15
2018;5;4;18.01
2018;5;5;18.18
2018;5;6;18.83
2018;5;7;19.47
2018;5;8;18.98
2018;5;9;19.95
2018;5;10;18.47
2018;5;11;16.08
2018;5;12;15.05
2018;5;13;15.45
2018;5;14;15.89
2018;5;15;13.83
2018;5;16;10.54
2018;5;17;9.71
2018;5;18;11.65
2018;5;19;10.36
2018;5;20;11.15
2018;5;21;10.82
2018;5;22;8.54
2018;5;23;10.23
2018;5;24;10.94
2018;5;25;10.78
2018;5;26;12.26
2018;5;27;16.45
2018;5;28;19.65
2018;5;29;19.69
2018;5;30;15.21
2018;5;31;10.62
2018;6;1;8.2
2018;6;2;7.14
2018;6;3;8.11
2018;6;4;9.05
2018;6;5;7.78
2018;6;6;9.29
2018;6;7;7.38
2018;6;8;8.09
2018;6;9;11.04
2018;6;10;13.01
2018;6;11;11.72
2018;6;12;8.9
2018;6;13;5.94
2018;6;14;4.92
2018;6;15;5.06
2018;6;16;5.19
2018;6;17;6.59
2018;6;18;8.24
2018;6;19;10.1
2018;6;20;14.08
2018;6;21;11.23
2018;6;22;9.21
2018;6;23;8.14
2018;6;24;2.17
2018;6;25;6.18
2018;6;26;7.59
2018;6;27;9.23
2018;6;28;10.72
2018;6;29;12.19
2018;6;30;10.5
2018;7;1;13.32
2018;7;2;9.42
2018;7;3;4.57
2018;7;4;6.83
2018;7;5;7.93
2018;7;6;8.93
2018;7;7;10.32
2018;7;8;9.44
2018;7;9;7.55
2018;7;10;6.56
2018;7;11;8.38
2018;7;12;9.8
2018;7;13;10.23
2018;7;14;12.71
2018;7;15;10.51
2018;7;16;9.02
2018;7;17;11.09
2018;7;18;13.12
2018;7;19;11.51
2018;7;20;7.15
2018;7;21;6.39
2018;7;22;6.57
2018;7;23;4.3
2018;7;24;5.6
2018;7;25;8.4
2018;7;26;11.87
2018;7;27;11.22
2018;7;28;10.93
2018;7;29;9.65
2018;7;30;7.93
2018;7;31;4.94
2018;8;1;5.23
2018;8;2;6.11
2018;8;3;8.73
2018;8;4;9.15
2018;8;5;9.49
2018;8;6;11.14
2018;8;7;12.48
2018;8;8;9.59
2018;8;9;8.1
2018;8;10;6.93
2018;8;11;10.08
2018;8;12;11.98
2018;8;13;13.29
2018;8;14;10.48
2018;8;15;8.68
2018;8;16;10.8
2018;8;17;12.94
2018;8;18;14.32
2018;8;19;7.31
2018;8;20;5.23
2018;8;21;6.5
2018;8;22;8.46
2018;8;23;11
2018;8;24;10.19
2018;8;25;6.78
2018;8;26;9.94
2018;8;27;11.98
2018;8;28;12.58
2018;8;29;16.58
2018;8;30;11.29
2018;8;31;7.87
2018;9;1;9.26
2018;9;2;10.67
2018;9;3;11.99
2018;9;4;12.64
2018;9;5;14.08
2018;9;6;16.26
2018;9;7;15.65
2018;9;8;14.48
2018;9;9;13.84
2018;9;10;13.88
2018;9;11;14.35
2018;9;12;14.17
2018;9;13;14.87
2018;9;14;13.93
2018;9;15;15.69
2018;9;16;17.74
2018;9;17;18.13
2018;9;18;17.76
2018;9;19;14.12
2018;9;20;14.82
2018;9;21;18.81
2018;9;22;21.86
2018;9;23;17.83
2018;9;24;15.63
2018;9;25;16.22
2018;9;26;17.33
2018;9;27;16.62
2018;9;28;18.55
2018;9;29;19.46
2018;9;30;16.47
2018;10;1;11.71
2018;10;2;11.36
2018;10;3;13.47
2018;10;4;13.38
2018;10;5;12.5
2018;10;6;14.35
2018;10;7;17.16
2018;10;8;20.73
2018;10;9;16.57
2018;10;10;13.37
2018;10;11;12.27
2018;10;12;13.3
2018;10;13;15.61
2018;10;14;16.86
2018;10;15;18.22
2018;10;16;19.23
2018;10;17;21.07
2018;10;18;19.53
2018;10;19;16.35
2018;10;20;15.37
2018;10;21;17.03
2018;10;22;16.95
2018;10;23;14.44
2018;10;24;13.34
2018;10;25;16.19
2018;10;26;15.7
2018;10;27;16.96
2018;10;28;18.26
2018;10;29;20.26
2018;10;30;18.68
2018;10;31;16.3
2018;11;1;13.03
2018;11;2;16.14
2018;11;3;19.45
2018;11;4;20.08
2018;11;5;21.37
2018;11;6;19.64
2018;11;7;17.59
2018;11;8;20.9
2018;11;9;25.01
2018;11;10;23.08
2018;11;11;20.73
2018;11;12;22.76
2018;11;13;22.44
2018;11;14;19.69
2018;11;15;20.45
2018;11;16;16.52
2018;11;17;18.83
2018;11;18;16.96
2018;11;19;19.17
2018;11;20;21.37
2018;11;21;23.82
2018;11;22;20.76
2018;11;23;17.03
2018;11;24;17.77
2018;11;25;19.23
2018;11;26;20.02
2018;11;27;18.75
2018;11;28;20.26
2018;11;29;19.93
2018;11;30;21.2
2018;12;1;16.35
2018;12;2;14.66
2018;12;3;18.78
2018;12;4;18.31
2018;12;5;18.45
2018;12;6;16.61
2018;12;7;17.76
2018;12;8;20.25
2018;12;9;21.87
2018;12;10;23.56
2018;12;11;22.31
2018;12;12;23.28
2018;12;13;19.34
2018;12;14;19.54
2018;12;15;19.94
2018;12;16;23.12
2018;12;17;21.48
2018;12;18;17.93
2018;12;19;21.61
2018;12;20;23.06
2018;12;21;21.87
2018;12;22;21.71
2018;12;23;23.39
2018;12;24;23.76
2018;12;25;23.85
2018;12;26;25.54
2018;12;27;24.82
2018;12;28;24.92
2018;12;29;26.86
2018;12;30;22.33
2018;12;31;21.8
2019;1;1;26.01
2019;1;2;27.26
2019;1;3;19.94
2019;1;4;21.87
2019;1;5;23.62
2019;1;6;24.43
2019;1;7;23.46
2019;1;8;24.83
2019;1;9;23.59
2019;1;10;19.9
2019;1;11;19.3
2019;1;12;23.03
2019;1;13;22.9
2019;1;14;23.73
2019;1;15;22.8
2019;1;16;24.36
2019;1;17;19.95
2019;1;18;18.94
2019;1;19;20.28
2019;1;20;20.6
2019;1;21;23.59
2019;1;22;26.73
2019;1;23;24.46
2019;1;24;26.4
2019;1;25;23.58
2019;1;26;25.87
2019;1;27;27.88
2019;1;28;29.16
2019;1;29;29.75
2019;1;30;26.66
2019;1;31;24.09
2019;2;1;26.78
2019;2;2;22.03
2019;2;3;19.39
2019;2;4;20.92
2019;2;5;22.23
2019;2;6;23.36
2019;2;7;25.05
2019;2;8;26.59
2019;2;9;25.27
2019;2;10;27.23
2019;2;11;20.15
2019;2;12;17.17
2019;2;13;19.15
2019;2;14;20.88
2019;2;15;21.81
2019;2;16;22.88
2019;2;17;24.23
2019;2;18;26.12
2019;2;19;28.14
2019;2;20;29.3
2019;2;21;29.51
2019;2;22;28.04
2019;2;23;24.69
2019;2;24;20.2
2019;2;25;16.68
2019;2;26;15.08
2019;2;27;17.92
2019;2;28;19.09
2019;3;1;22.56
2019;3;2;20.12
2019;3;3;22
2019;3;4;20.51
2019;3;5;22.68
2019;3;6;24.65
2019;3;7;25.37
2019;3;8;18.75
2019;3;9;16.58
2019;3;10;18.33
2019;3;11;18.73
2019;3;12;19.87
2019;3;13;19.08
2019;3;14;19.44
2019;3;15;21.56
2019;3;16;21.55
2019;3;17;22.37
2019;3;18;22.19
2019;3;19;16.21
2019;3;20;14.47
2019;3;21;15.1
2019;3;22;17.04
2019;3;23;18.9
2019;3;24;17.51
2019;3;25;14.6
2019;3;26;15.86
2019;3;27;17.19
2019;3;28;19.05
2019;3;29;20.15
2019;3;30;23.23
2019;3;31;22.36
2019;4;1;22.08
2019;4;2;24.73
2019;4;3;20.08
2019;4;4;19.14
2019;4;5;15.39
2019;4;6;15.98
2019;4;7;17.12
2019;4;8;18.48
2019;4;9;19.77
2019;4;10;20.66
2019;4;11;16.73
2019;4;12;15.23
2019;4;13;17.61
2019;4;14;19.19
2019;4;15;15.7
2019;4;16;15.67
2019;4;17;17.51
2019;4;18;18.19
2019;4;19;20.86
2019;4;20;17.07
2019;4;21;15.51
2019;4;22;14.8
2019;4;23;14.69
2019;4;24;17.15
2019;4;25;17.44
2019;4;26;16.9
2019;4;27;17.4
2019;4;28;16.44
2019;4;29;16.53
2019;4;30;11.7
2019;5;1;13
2019;5;2;16.8
2019;5;3;17.94
2019;5;4;17.54
2019;5;5;18.39
2019;5;6;14.62
2019;5;7;13.03
2019;5;8;14.9
2019;5;9;16.15
2019;5;10;14.36
2019;5;11;12.26
2019;5;12;13.02
2019;5;13;13.86
2019;5;14;11.05
2019;5;15;12.4
2019;5;16;14.89
2019;5;17;17.61
2019;5;18;18.15
2019;5;19;13.44
2019;5;20;12.82
2019;5;21;12.84
2019;5;22;10.54
2019;5;23;9.08
2019;5;24;10.1
2019;5;25;11.17
2019;5;26;13.28
2019;5;27;13.91
2019;5;28;13.52
2019;5;29;9.3
2019;5;30;11.41
2019;5;31;11.79
2019;6;1;12.19
2019;6;2;11.37
2019;6;3;12.41
2019;6;4;12.34
2019;6;5;13.18
2019;6;6;15.87
2019;6;7;11.58
2019;6;8;9.67
2019;6;9;11.91
2019;6;10;15.59
2019;6;11;14.12
2019;6;12;17.51
2019;6;13;15.61
2019;6;14;13.38
2019;6;15;12.08
2019;6;16;14.69
2019;6;17;13.34
2019;6;18;11.46
2019;6;19;10.42
2019;6;20;9.09
2019;6;21;11.02
2019;6;22;15
2019;6;23;15.26
2019;6;24;11.61
2019;6;25;8.69
2019;6;26;6.58
2019;6;27;8.56
2019;6;28;10.92
2019;6;29;11.41
2019;6;30;7.34
2019;7;1;5.47
2019;7;2;7.88
2019;7;3;4.58
2019;7;4;4.02
2019;7;5;2.63
2019;7;6;3.25
2019;7;7;5.44
2019;7;8;7.51
2019;7;9;10.49
2019;7;10;11.6
2019;7;11;12.44
2019;7;12;12.05
2019;7;13;7.63
2019;7;14;8.01
2019;7;15;9.16
2019;7;16;8.44
2019;7;17;9.38
2019;7;18;11.48
2019;7;19;12.42
2019;7;20;15.51
2019;7;21;17.13
2019;7;22;10.19
2019;7;23;8
2019;7;24;6.98
2019;7;25;8.81
2019;7;26;10.46
2019;7;27;9.09
2019;7;28;10.44
2019;7;29;12
2019;7;30;10.53
2019;7;31;13.03
2019;8;1;10.8
2019;8;2;7.52
2019;8;3;7.43
2019;8;4;8.4
2019;8;5;10.23
2019;8;6;12.85
2019;8;7;10.63
2019;8;8;9.27
2019;8;9;8.38
2019;8;10;8.23
2019;8;11;9.86
2019;8;12;8.39
2019;8;13;4.93
2019;8;14;5.95
2019;8;15;8.79
2019;8;16;13.34
2019;8;17;12.66
2019;8;18;7.48
2019;8;19;4.8
2019;8;20;7.24
2019;8;21;7.58
2019;8;22;10.26
2019;8;23;10.8
2019;8;24;10.94
2019;8;25;12.15
2019;8;26;16.23
2019;8;27;17.87
2019;8;28;19.62
2019;8;29;16.65
2019;8;30;12.37
2019;8;31;10.18
2019;9;1;8.24
2019;9;2;8.6
2019;9;3;5.5
2019;9;4;5.39
2019;9;5;7.33
2019;9;6;10.93
2019;9;7;13.23
2019;9;8;12.96
2019;9;9;12.24
2019;9;10;11.95
2019;9;11;11.65
2019;9;12;10.81
2019;9;13;11.71
2019;9;14;13.29
2019;9;15;15.98
2019;9;16;13.44
2019;9;17;12.73
2019;9;18;14.05
2019;9;19;12
2019;9;20;10.6
2019;9;21;12.32
2019;9;22;11.35
2019;9;23;12.68
2019;9;24;15.92
2019;9;25;18.02
2019;9;26;17.48
2019;9;27;15.09
2019;9;28;16.39
2019;9;29;19.26
2019;9;30;18.82
2019;10;1;13.47
2019;10;2;12.69
2019;10;3;10.87
2019;10;4;13.25
2019;10;5;13.55
2019;10;6;13.72
2019;10;7;15.94
2019;10;8;17.08
2019;10;9;17.48
2019;10;10;20.72
2019;10;11;21.69
2019;10;12;18.54
2019;10;13;14.55
2019;10;14;9.58
2019;10;15;11.89
2019;10;16;15.4
2019;10;17;16.53
2019;10;18;15.92
2019;10;19;16.18
2019;10;20;13.54
2019;10;21;15.38
2019;10;22;14.45
2019;10;23;14.07
2019;10;24;16.94
2019;10;25;20.4
2019;10;26;21.13
2019;10;27;20.84
2019;10;28;19.46
2019;10;29;16.98
2019;10;30;17.97
2019;10;31;17.92
2019;11;1;19.17
2019;11;2;20.48
2019;11;3;17.98
2019;11;4;19.83
2019;11;5;18.23
2019;11;6;18.29
2019;11;7;20.62
2019;11;8;18.44
2019;11;9;18.78
2019;11;10;18.96
2019;11;11;20.03
2019;11;12;21.68
2019;11;13;23.32
2019;11;14;22.35
2019;11;15;22.42
2019;11;16;21.06
2019;11;17;24.25
2019;11;18;24.16
2019;11;19;24.19
2019;11;20;26.89
2019;11;21;25.77
2019;11;22;21.16
2019;11;23;18.08
2019;11;24;19.96
2019;11;25;19.35
2019;11;26;20
2019;11;27;19.44
2019;11;28;22.63
2019;11;29;23.35
2019;11;30;20.63
2019;12;1;18.54
2019;12;2;20.55
2019;12;3;19.85
2019;12;4;18.9
2019;12;5;18.05
2019;12;6;22.1
2019;12;7;20.81
2019;12;8;25.22
2019;12;9;27.14
2019;12;10;28.83
2019;12;11;28.45
2019;12;12;21.58
2019;12;13;20.12
2019;12;14;23.06
2019;12;15;20.76
2019;12;16;21.96
2019;12;17;23.65
2019;12;18;25.65
2019;12;19;26.19
2019;12;20;20.61
2019;12;21;18
2019;12;22;18.79
2019;12;23;23.07
2019;12;24;25.35
2019;12;25;21.17
2019;12;26;22.94
2019;12;27;25.86
2019;12;28;26.56
2019;12;29;28.34
2019;12;30;24.55
2019;12;31;25.03
2020;1;1;22.48
2020;1;2;22.06
2020;1;3;22.83
2020;1;4;23.3
2020;1;5;24.23
2020;1;6;22.15
2020;1;7;22.05
2020;1;8;25.19
2020;1;9;23.8
2020;1;10;23.89
2020;1;11;25.7
2020;1;12;24.6
2020;1;13;26.13
2020;1;14;26.62
2020;1;15;24.3
2020;1;16;18.78
2020;1;17;20.22
2020;1;18;23.12
2020;1;19;25.98
2020;1;20;27.44
2020;1;21;24.85
2020;1;22;25.37
2020;1;23;25.42
2020;1;24;26.08
2020;1;25;27.76
2020;1;26;26.44
2020;1;27;20.96
2020;1;28;23.27
2020;1;29;21.86
2020;1;30;20.3
2020;1;31;22.19
2020;2;1;24.34
2020;2;2;27.25
2020;2;3;28.7
2020;2;4;29.05
2020;2;5;28.75
2020;2;6;28.98
2020;2;7;27.1
2020;2;8;23.93
2020;2;9;20.42
2020;2;10;20.11
2020;2;11;22.21
2020;2;12;23.78
2020;2;13;25.92
2020;2;14;25.19
2020;2;15;26.28
2020;2;16;28.26
2020;2;17;26.9
2020;2;18;20.78
2020;2;19;21.33
2020;2;20;18.57
2020;2;21;16.76
2020;2;22;17.12
2020;2;23;20.41
2020;2;24;23.25
2020;2;25;21.46
2020;2;26;21.15
2020;2;27;22.73
2020;2;28;24.83
2020;2;29;26.06
2020;3;1;27.16
2020;3;2;27.15
2020;3;3;26.15
2020;3;4;26.54
2020;3;5;25.39
2020;3;6;25.09
2020;3;7;26.38
2020;3;8;26.87
2020;3;9;23.98
2020;3;10;22.98
2020;3;11;21.61
2020;3;12;23.61
2020;3;13;25.37
2020;3;14;20.96
2020;3;15;17.77
2020;3;16;18.68
2020;3;17;19.43
2020;3;18;20.45
2020;3;19;18.97
2020;3;20;20.36
2020;3;21;21.08
2020;3;22;21.65
2020;3;23;22.65
2020;3;24;24.34
2020;3;25;23.06
2020;3;26;23.12
2020;3;27;24.74
2020;3;28;24.53
2020;3;29;24.67
2020;3;30;23.87
2020;3;31;21.26
2020;4;1;22.13
2020;4;2;17.12
2020;4;3;16.05
2020;4;4;18.48
2020;4;5;19.28
2020;4;6;15.01
2020;4;7;12.25
2020;4;8;12.72
2020;4;9;14.67
2020;4;10;16.43
2020;4;11;17.55
2020;4;12;19.1
2020;4;13;16.54
2020;4;14;13.41
2020;4;15;12.75
2020;4;16;13.85
2020;4;17;15.78
2020;4;18;17.39
2020;4;19;18.77
2020;4;20;20.67
2020;4;21;17.8
2020;4;22;16.37
2020;4;23;19.65
2020;4;24;20.29
2020;4;25;18.15
2020;4;26;17.55
2020;4;27;18.26
2020;4;28;17.91
2020;4;29;13.9
2020;4;30;13.69
2020;5;1;14.9
2020;5;2;13.6
2020;5;3;16.02
2020;5;4;15.23
2020;5;5;12.63
2020;5;6;11.44
2020;5;7;10.9
2020;5;8;11.83
2020;5;9;13.6
2020;5;10;15.7
2020;5;11;13.11
2020;5;12;11.95
2020;5;13;11.71
2020;5;14;9.27
2020;5;15;13.07
2020;5;16;16.45
2020;5;17;16.8
2020;5;18;16.35
2020;5;19;16.96
2020;5;20;17.42
2020;5;21;13.62
2020;5;22;11.15
2020;5;23;10.11
2020;5;24;11.9
2020;5;25;12.54
2020;5;26;11.12
2020;5;27;12.21
2020;5;28;13.2
2020;5;29;14.54
2020;5;30;12.27
2020;5;31;8.6
2020;6;1;8.05
2020;6;2;8.5
2020;6;3;8.35
2020;6;4;9.83
2020;6;5;11.35
2020;6;6;13.98
2020;6;7;14.62
2020;6;8;14.48
2020;6;9;12.43
2020;6;10;12.22
2020;6;11;12.67
2020;6;12;13.3
2020;6;13;6.13
2020;6;14;5.48
2020;6;15;9.94
2020;6;16;17.15
2020;6;17;19.09
2020;6;18;12.4
2020;6;19;11.94
2020;6;20;11.55
2020;6;21;11.73
2020;6;22;11.37
2020;6;23;13.26
2020;6;24;11.42
2020;6;25;7.01
2020;6;26;6.96
2020;6;27;8.94
2020;6;28;7.83
2020;6;29;10.08
2020;6;30;9.89
2020;7;1;7.01
2020;7;2;5.89
2020;7;3;8.34
2020;7;4;9.62
2020;7;5;7.77
2020;7;6;5.43
2020;7;7;6.9
2020;7;8;7.8
2020;7;9;7.01
2020;7;10;9.59
2020;7;11;6.51
2020;7;12;7.91
2020;7;13;4.44
2020;7;14;3.98
2020;7;15;6.18
2020;7;16;8.63
2020;7;17;9.78
2020;7;18;14.44
2020;7;19;16.69
2020;7;20;16.48
2020;7;21;13.5
2020;7;22;12.76
2020;7;23;11.31
2020;7;24;6.59
2020;7;25;5.55
2020;7;26;8.32
2020;7;27;6.78
2020;7;28;3.93
2020;7;29;6.26
2020;7;30;6.63
2020;7;31;7.2
2020;8;1;11.93
2020;8;2;16.31
2020;8;3;17.43
2020;8;4;18.48
2020;8;5;19.45
2020;8;6;13.59
2020;8;7;11.73
2020;8;8;15.4
2020;8;9;16.05
2020;8;10;13.02
2020;8;11;6.3
2020;8;12;7.97
2020;8;13;8.83
2020;8;14;10.66
2020;8;15;8.53
2020;8;16;8
2020;8;17;10.44
2020;8;18;11.12
2020;8;19;6.65
2020;8;20;5.28
2020;8;21;7.89
2020;8;22;9.51
2020;8;23;12.22
2020;8;24;16.21
2020;8;25;17.05
2020;8;26;18.13
2020;8;27;12.16
2020;8;28;14.84
2020;8;29;13.18
2020;8;30;7.84
2020;8;31;8.8
2020;9;1;8.14
2020;9;2;9.82
2020;9;3;9.61
2020;9;4;10.7
2020;9;5;11.04
2020;9;6;9.64
2020;9;7;10.42
2020;9;8;13.38
2020;9;9;15.4
2020;9;10;15.4
2020;9;11;13.99
2020;9;12;11.17
2020;9;13;13.45
2020;9;14;9.68
2020;9;15;10.42
2020;9;16;13.06
2020;9;17;15.8
2020;9;18;14.73
2020;9;19;9.78
2020;9;20;10.62
2020;9;21;10.02
2020;9;22;12.32
2020;9;23;15.01
2020;9;24;16.72
2020;9;25;15.15
2020;9;26;16.44
2020;9;27;14.58
2020;9;28;13.55
2020;9;29;15.76
2020;9;30;19.9
2020;10;1;15.49
2020;10;2;11.64
2020;10;3;9.07
2020;10;4;12.14
2020;10;5;13.12
2020;10;6;14.57
2020;10;7;16.52
2020;10;8;15.87
2020;10;9;15.63
2020;10;10;15.67
2020;10;11;14.76
2020;10;12;15.41
2020;10;13;17.79
2020;10;14;19.87
2020;10;15;17.69
2020;10;16;20.75
2020;10;17;20.61
2020;10;18;26.12
2020;10;19;21.59
2020;10;20;14.33
2020;10;21;14.6
2020;10;22;16.05
2020;10;23;19.33
2020;10;24;20.34
2020;10;25;20.97
2020;10;26;15.78
2020;10;27;15.76
2020;10;28;14.29
2020;10;29;12.95
2020;10;30;13.28
2020;10;31;15.62
2020;11;1;17.37
2020;11;2;18.18
2020;11;3;18.84
2020;11;4;19.11
2020;11;5;19.42
2020;11;6;20.22
2020;11;7;21.29
2020;11;8;21.47
2020;11;9;19.48
2020;11;10;20.4
2020;11;11;21.56
2020;11;12;21.7
2020;11;13;22.58
2020;11;14;21.05
2020;11;15;20.56
2020;11;16;21.3
2020;11;17;23.64
2020;11;18;22.41
2020;11;19;20.01
2020;11;20;20.88
2020;11;21;22.91
2020;11;22;24.33
2020;11;23;25.85
2020;11;24;24.33
2020;11;25;23.62
2020;11;26;20.05
2020;11;27;22.59
2020;11;28;24.42
2020;11;29;23.98
2020;11;30;17.8
2020;12;1;21.14
2020;12;2;23.03
2020;12;3;22.15
2020;12;4;17.62
2020;12;5;17.01
2020;12;6;18.5
2020;12;7;21.22
2020;12;8;23.16
2020;12;9;26.58
2020;12;10;28.82
2020;12;11;23.4
2020;12;12;25.59
2020;12;13;21.45
2020;12;14;22.38
2020;12;15;19.26
2020;12;16;22.04
2020;12;17;25.21
2020;12;18;27.3
2020;12;19;22.75
2020;12;20;18.56
2020;12;21;21.74
2020;12;22;24.75
2020;12;23;26.35
2020;12;24;26.8
2020;12;25;26.55
2020;12;26;27.04
2020;12;27;27.24
2020;12;28;28.82
2020;12;29;29.15
2020;12;30;22.48
2020;12;31;22.5
2021;1;1;26.35
2021;1;2;28.15
2021;1;3;27.47
2021;1;4;26.26
2021;1;5;26.32
2021;1;6;23.1
2021;1;7;25.22
2021;1;8;25.04
2021;1;9;24
2021;1;10;28.08
2021;1;11;22.44
2021;1;12;19.72
2021;1;13;21.69
2021;1;14;22.97
2021;1;15;23.78
2021;1;16;23.94
2021;1;17;20.38
2021;1;18;23.68
2021;1;19;25.99
2021;1;20;27.23
2021;1;21;27.06
2021;1;22;27.33
2021;1;23;29.33
2021;1;24;30.2
2021;1;25;31.2
2021;1;26;29.11
2021;1;27;28.02
2021;1;28;23.19
2021;1;29;24.51
2021;1;30;20.11
2021;1;31;19.44
2021;2;1;20.64
2021;2;2;20.49
2021;2;3;21.22
2021;2;4;21.05
2021;2;5;20.43
2021;2;6;23.49
2021;2;7;24.97
2021;2;8;21.4
2021;2;9;20.85
2021;2;10;21.3
2021;2;11;21.54
2021;2;12;22.48
2021;2;13;22.47
2021;2;14;23.55
2021;2;15;23.15
2021;2;16;20.31
2021;2;17;20.9
2021;2;18;24.91
2021;2;19;21.67
2021;2;20;20.47
2021;2;21;24.44
2021;2;22;23.5
2021;2;23;22.62
2021;2;24;23.22
2021;2;25;24.22
2021;2;26;24.68
2021;2;27;24.89
2021;2;28;25.55
2021;3;1;25.81
2021;3;2;26.33
2021;3;3;26.43
2021;3;4;25.13
2021;3;5;21.96
2021;3;6;20.6
2021;3;7;23.61
2021;3;8;24.23
2021;3;9;21.35
2021;3;10;23.57
2021;3;11;26.03
2021;3;12;24.98
2021;3;13;23.86
2021;3;14;24.5
2021;3;15;24.3
2021;3;16;21.63
2021;3;17;18.98
2021;3;18;15.85
2021;3;19;19.38
2021;3;20;18.59
2021;3;21;18.64
2021;3;22;19.12
2021;3;23;20.78
2021;3;24;22.01
2021;3;25;20.3
2021;3;26;20.62
2021;3;27;19.62
2021;3;28;19.23
2021;3;29;19.05
2021;3;30;17.19
2021;3;31;17.78
2021;4;1;18.62
2021;4;2;19.29
2021;4;3;20.04
2021;4;4;20.55
2021;4;5;22.4
2021;4;6;23
2021;4;7;24.26
2021;4;8;25.09
2021;4;9;21.26
2021;4;10;19.77
2021;4;11;16.82
2021;4;12;16.26
2021;4;13;16.99
2021;4;14;17.94
2021;4;15;20.3
2021;4;16;20.19
2021;4;17;19.44
2021;4;18;19.81
2021;4;19;19.37
2021;4;20;19.26
2021;4;21;20.29
2021;4;22;19.48
2021;4;23;21.07
2021;4;24;18.02
2021;4;25;14.24
2021;4;26;15.57
2021;4;27;15.84
2021;4;28;16.01
2021;4;29;16.07
2021;4;30;15.7
2021;5;1;16.94
2021;5;2;20.37
2021;5;3;19.64
2021;5;4;12.68
2021;5;5;9.83
2021;5;6;9.4
2021;5;7;11.42
2021;5;8;13.42
2021;5;9;12.84
2021;5;10;11.45
2021;5;11;8.87
2021;5;12;9.69
2021;5;13;11.02
2021;5;14;11.54
2021;5;15;12.29
2021;5;16;12.48
2021;5;17;11.28
2021;5;18;10.9
2021;5;19;12.09
2021;5;20;14.34
2021;5;21;13.96
2021;5;22;13.17
2021;5;23;11.38
2021;5;24;10.69
2021;5;25;10.55
2021;5;26;11.16
2021;5;27;13.11
2021;5;28;12.72
2021;5;29;8.65
2021;5;30;7.39
2021;5;31;11.34
2021;6;1;12.06
2021;6;2;10.94
2021;6;3;12.52
2021;6;4;15.73
2021;6;5;12.17
2021;6;6;7.48
2021;6;7;10.15
2021;6;8;13.66
2021;6;9;14.79
2021;6;10;13.57
2021;6;11;8.54
2021;6;12;12.45
2021;6;13;13.79
2021;6;14;11.41
2021;6;15;6.12
2021;6;16;4.68
2021;6;17;6.08
2021;6;18;5.55
2021;6;19;6.9
2021;6;20;7.75
2021;6;21;9.43
2021;6;22;10.73
2021;6;23;12.42
2021;6;24;11.72
2021;6;25;10.32
2021;6;26;8.61
2021;6;27;4.84
2021;6;28;5.96
2021;6;29;5.94
2021;6;30;7.1
2021;7;1;8.3
2021;7;2;8.53
2021;7;3;6.6
2021;7;4;7.94
2021;7;5;8.45
2021;7;6;10.98
2021;7;7;14.62
2021;7;8;15.35
2021;7;9;17.14
2021;7;10;12.21
2021;7;11;9.31
2021;7;12;13.38
2021;7;13;11.88
2021;7;14;9.34
2021;7;15;8.34
2021;7;16;7.71
2021;7;17;7.31
2021;7;18;5.96
2021;7;19;5.69
2021;7;20;7.19
2021;7;21;8.93
2021;7;22;11.75
2021;7;23;14.4
2021;7;24;14.5
2021;7;25;14.11
2021;7;26;8.95
2021;7;27;4.79
2021;7;28;5.19
2021;7;29;5.23
2021;7;30;7.11
2021;7;31;8.94
2021;8;1;8.06
2021;8;2;8.48
2021;8;3;8.94
2021;8;4;9.58
2021;8;5;11.17
2021;8;6;14.6
2021;8;7;16.82
2021;8;8;9.58
2021;8;9;6.25
2021;8;10;4.21
2021;8;11;6.15
2021;8;12;6.58
2021;8;13;7.83
2021;8;14;10.08
2021;8;15;9.96
2021;8;16;10.88
2021;8;17;13.67
2021;8;18;15.51
2021;8;19;13.81
2021;8;20;11.95
2021;8;21;11.76
2021;8;22;12.56
2021;8;23;8.46
2021;8;24;8.95
2021;8;25;10.51
2021;8;26;11.78
2021;8;27;10.19
2021;8;28;11.65
2021;8;29;13.92
2021;8;30;16.37
2021;8;31;20.23
2021;9;1;17.63
2021;9;2;13.04
2021;9;3;13.28
2021;9;4;14.47
2021;9;5;13.51
2021;9;6;14.09
2021;9;7;15.4
2021;9;8;14.05
2021;9;9;12.04
2021;9;10;13.45
2021;9;11;14.27
2021;9;12;16.9
2021;9;13;14.19
2021;9;14;10.5
2021;9;15;11.56
2021;9;16;13.74
2021;9;17;14.53
2021;9;18;16.32
2021;9;19;16
2021;9;20;16.2
2021;9;21;10.08
2021;9;22;12.03
2021;9;23;14.08
2021;9;24;14.08
2021;9;25;15.21
2021;9;26;17.97
2021;9;27;14.36
2021;9;28;13.74
2021;9;29;16.09
2021;9;30;15.87
2021;10;1;15.05
2021;10;2;14.76
2021;10;3;10.65
2021;10;4;13.01
2021;10;5;15.12
2021;10;6;12.44
2021;10;7;10.83
2021;10;8;12.56
2021;10;9;14.63
2021;10;10;15.87
2021;10;11;17.45
2021;10;12;18.37
2021;10;13;17.42
2021;10;14;17.15
2021;10;15;12.76
2021;10;16;13.67
2021;10;17;16.64
2021;10;18;16.9
2021;10;19;16.92
2021;10;20;19.05
2021;10;21;20.79
2021;10;22;20.32
2021;10;23;16.94
2021;10;24;16.26
2021;10;25;21.73
2021;10;26;25.43
2021;10;27;25.87
2021;10;28;26.65
2021;10;29;24.91
2021;10;30;25.88
2021;10;31;20.8
2021;11;1;18.74
2021;11;2;21.32
2021;11;3;22.74
2021;11;4;23.57
2021;11;5;16.52
2021;11;6;16.61
2021;11;7;19.76
2021;11;8;23.07
2021;11;9;20.09
2021;11;10;20.41
2021;11;11;20.96
2021;11;12;20.58
2021;11;13;23.04
2021;11;14;20.66
2021;11;15;22.82
2021;11;16;17.71
2021;11;17;15.58
2021;11;18;19.12
2021;11;19;22.14
2021;11;20;25.3
2021;11;21;27.78
2021;11;22;26.96
2021;11;23;20.15
2021;11;24;25.74
2021;11;25;19.81
2021;11;26;23.7
2021;11;27;24.24
2021;11;28;20.3
2021;11;29;20.59
2021;11;30;19.41
2021;12;1;19.21
2021;12;2;20.61
2021;12;3;20.4
2021;12;4;21.23
2021;12;5;21.31
2021;12;6;21.67
2021;12;7;23.89
2021;12;8;23.32
2021;12;9;23.02
2021;12;10;22.83
2021;12;11;25.24
2021;12;12;25.85
2021;12;13;22.27
2021;12;14;23.28
2021;12;15;23.75
2021;12;16;22.48
2021;12;17;23.08
2021;12;18;24.49
2021;12;19;26.44
2021;12;20;26.81
2021;12;21;25.3
2021;12;22;26.12
2021;12;23;26.69
2021;12;24;29.02
2021;12;25;27.51
2021;12;26;28.24
2021;12;27;28.85
2021;12;28;31.33
2021;12;29;32.78
2021;12;30;30.88
2021;12;31;29.59
2022;1;1;26.2
2022;1;2;28.58
2022;1;3;30.94
2022;1;4;30.13
2022;1;5;22.23
2022;1;6;23.93
2022;1;7;25.83
2022;1;8;26.24
2022;1;9;27.03
2022;1;10;29.32
2022;1;11;32.54
2022;1;12;29.7
2022;1;13;30.86
2022;1;14;33.26
2022;1;15;32.64
2022;1;16;27.31
2022;1;17;21.65
2022;1;18;21.98
2022;1;19;24.79
2022;1;20;26.66
2022;1;21;27.75
2022;1;22;28.51
2022;1;23;24.48
2022;1;24;26.06
2022;1;25;26.7
2022;1;26;24.7
2022;1;27;18.58
2022;1;28;20.1
2022;1;29;22.94
2022;1;30;24.38
2022;1;31;21.61
2022;2;1;23.01
2022;2;2;26.83
2022;2;3;23.94
2022;2;4;24.9
2022;2;5;20.36
2022;2;6;18.33
2022;2;7;19.3
2022;2;8;20.41
2022;2;9;22.57
2022;2;10;24.42
2022;2;11;22.33
2022;2;12;16.91
2022;2;13;19.33
2022;2;14;23.98
2022;2;15;25.89
2022;2;16;27.8
2022;2;17;22.3
2022;2;18;21.15
2022;2;19;24.9
2022;2;20;22.05
2022;2;21;22.2
2022;2;22;22.49
2022;2;23;23.18
2022;2;24;21.19
2022;2;25;22.77
2022;2;26;23.73
2022;2;27;23.99
2022;2;28;20.41
2022;3;1;19.48
2022;3;2;21.76
2022;3;3;22.45
2022;3;4;24.57
2022;3;5;24.04
2022;3;6;23.35
2022;3;7;21.95
2022;3;8;20.48
2022;3;9;19.94
2022;3;10;18.5
2022;3;11;18.08
2022;3;12;17.92
2022;3;13;19.3
2022;3;14;20.9
2022;3;15;22.72
2022;3;16;22.54
2022;3;17;23.85
2022;3;18;16.23
2022;3;19;14.82
2022;3;20;15.93
2022;3;21;17.36
2022;3;22;20.24
2022;3;23;22.5
2022;3;24;14.65
2022;3;25;16.01
2022;3;26;18.76
2022;3;27;19
2022;3;28;20.03
2022;3;29;19.25
2022;3;30;11.6
2022;3;31;12.44
2022;4;1;13.84
2022;4;2;15.45
2022;4;3;16.68
2022;4;4;14.48
2022;4;5;16.36
2022;4;6;19.37
2022;4;7;20.35
2022;4;8;20.59
2022;4;9;20.3
2022;4;10;21.14
2022;4;11;18.91
2022;4;12;15.14
2022;4;13;13.31
2022;4;14;13.76
2022;4;15;14.72
2022;4;16;16.92
2022;4;17;17.11
2022;4;18;17.69
2022;4;19;18.29
2022;4;20;19.43
2022;4;21;15.9
2022;4;22;13.23
2022;4;23;13.55
2022;4;24;17.62
2022;4;25;19.67
2022;4;26;21.29
2022;4;27;16.33
2022;4;28;10.89
2022;4;29;8.12
2022;4;30;11.3
2022;5;1;11.15
2022;5;2;10.71
2022;5;3;10.77
2022;5;4;11.87
2022;5;5;13.4
2022;5;6;15.71
2022;5;7;16.89
2022;5;8;16.74
2022;5;9;15.9
2022;5;10;16.01
2022;5;11;12.32
2022;5;12;11.86
2022;5;13;12.83
2022;5;14;13.06
2022;5;15;9.81
2022;5;16;11.22
2022;5;17;11.48
2022;5;18;8.64
2022;5;19;9.98
2022;5;20;10.95
2022;5;21;12.83
2022;5;22;11.77
2022;5;23;13.95
2022;5;24;14.21
2022;5;25;9.54
2022;5;26;8.53
2022;5;27;9.8
2022;5;28;10.51
2022;5;29;6.87
2022;5;30;4.38
2022;5;31;5.39
2022;6;1;6.82
2022;6;2;5.84
2022;6;3;6.56
2022;6;4;8.55
2022;6;5;10.61
2022;6;6;9.8
2022;6;7;8.98
2022;6;8;8.86
2022;6;9;8.9
2022;6;10;4.02
2022;6;11;4.79
2022;6;12;8.08
2022;6;13;9.21
2022;6;14;9.53
2022;6;15;10.86
2022;6;16;11.04
2022;6;17;7.04
2022;6;18;6.18
2022;6;19;8.69
2022;6;20;8.27
2022;6;21;8.94
2022;6;22;5.67
2022;6;23;5.97
2022;6;24;7.34
2022;6;25;5.55
2022;6;26;7.33
2022;6;27;7.8
2022;6;28;6.96
2022;6;29;9.33
2022;6;30;8.94
2022;7;1;7.63
2022;7;2;7.98
2022;7;3;7.3
2022;7;4;8.91
2022;7;5;8.65
2022;7;6;11.13
2022;7;7;7.84
2022;7;8;8.73
2022;7;9;14.73
2022;7;10;15.98
2022;7;11;8.94
2022;7;12;6.18
2022;7;13;8.06
2022;7;14;9.51
2022;7;15;10.08
2022;7;16;7.55
2022;7;17;6.09
2022;7;18;8.38
2022;7;19;8.59
2022;7;20;10.86
2022;7;21;10.57
2022;7;22;10.68
2022;7;23;14.87
2022;7;24;15.65
2022;7;25;13.73
2022;7;26;19.61
2022;7;27;17.73
2022;7;28;10.35
2022;7;29;8.52
2022;7;30;11.25
2022;7;31;12.28
2022;8;1;11.31
2022;8;2;11.64
2022;8;3;11.68
2022;8;4;9.14
2022;8;5;8.98
2022;8;6;9.98
2022;8;7;9.86
2022;8;8;9.4
2022;8;9;9.65
2022;8;10;8.2
2022;8;11;10.3
2022;8;12;13
2022;8;13;15.69
2022;8;14;17.34
2022;8;15;12.61
2022;8;16;10.01
2022;8;17;8.78
2022;8;18;5.16
2022;8;19;7.6
2022;8;20;9.23
2022;8;21;10.26
2022;8;22;10.24
2022;8;23;12.36
2022;8;24;15.96
2022;8;25;19.33
2022;8;26;18.93
2022;8;27;13.94
2022;8;28;7.18
2022;8;29;8.23
2022;8;30;10.93
2022;8;31;14.92
2022;9;1;14.01
2022;9;2;9.93
2022;9;3;10.82
2022;9;4;12.12
2022;9;5;12.94
2022;9;6;14.58
2022;9;7;17.13
2022;9;8;15.67
2022;9;9;9.43
2022;9;10;9.9
2022;9;11;10.42
2022;9;12;12.98
2022;9;13;13.73
2022;9;14;14.56
2022;9;15;14.44
2022;9;16;16.68
2022;9;17;18.95
2022;9;18;17.65
2022;9;19;16.13
2022;9;20;11.17
2022;9;21;12.82
2022;9;22;12.33
2022;9;23;13.44
2022;9;24;16.01
2022;9;25;15.7
2022;9;26;17.19
2022;9;27;18.46
2022;9;28;13.3
2022;9;29;13.44
2022;9;30;15.52
2022;10;1;17.19
2022;10;2;18.66
2022;10;3;15.19
2022;10;4;15.04
2022;10;5;17.23
2022;10;6;16.79
2022;10;7;19.73
2022;10;8;14.44
2022;10;9;12.8
2022;10;10;14.83
2022;10;11;15.96
2022;10;12;19.26
2022;10;13;15.24
2022;10;14;13.43
2022;10;15;13.98
2022;10;16;15.55
2022;10;17;16.37
2022;10;18;17.94
2022;10;19;19.39
2022;10;20;19.84
2022;10;21;20.37
2022;10;22;13.77
2022;10;23;15.37
2022;10;24;19.92
2022;10;25;22.7
2022;10;26;19.44
2022;10;27;19.84
2022;10;28;23.33
2022;10;29;23.4
2022;10;30;16.68
2022;10;31;12.8
2022;11;1;15.48
2022;11;2;19.24
2022;11;3;20.98
2022;11;4;19.49
2022;11;5;20.12
2022;11;6;21.29
2022;11;7;21.66
2022;11;8;21.43
2022;11;9;22.45
2022;11;10;23.2
2022;11;11;24.3
2022;11;12;23.52
2022;11;13;22.32
2022;11;14;18.54
2022;11;15;22.76
2022;11;16;27.21
2022;11;17;25.75
2022;11;18;27.24
2022;11;19;29.12
2022;11;20;26.33
2022;11;21;19.45
2022;11;22;19.1
2022;11;23;24.61
2022;11;24;28.29
2022;11;25;24.83
2022;11;26;27.44
2022;11;27;27.83
2022;11;28;28.97
2022;11;29;28.86
2022;11;30;24.92
2022;12;1;22.92
2022;12;2;21.58
2022;12;3;22.76
2022;12;4;25.72
2022;12;5;28.4
2022;12;6;29.32
2022;12;7;29.4
2022;12;8;29.84
2022;12;9;31.11
2022;12;10;26.42
2022;12;11;29.09
2022;12;12;23.49
2022;12;13;23.11
2022;12;14;27.13
2022;12;15;24.39
2022;12;16;21.1
2022;12;17;22.13
2022;12;18;23.98
2022;12;19;25.38
2022;12;20;26.39
2022;12;21;26.69
2022;12;22;28.26
2022;12;23;27.45
2022;12;24;21.33
2022;12;25;19.51
2022;12;26;22.39
2022;12;27;25.32
2022;12;28;24.41
2022;12;29;24.16
2022;12;30;28.94
2022;12;31;26.81
