2011;1;1;21697
2011;1;2;23022
2011;1;3;26504
2011;1;4;27249
2011;1;5;27691
2011;1;6;26343
2011;1;7;28360
2011;1;8;26511
2011;1;9;24366
2011;1;10;27844
2011;1;11;27894
2011;1;12;27141
2011;1;13;27302
2011;1;14;28364
2011;1;15;26626
2011;1;16;24448
2011;1;17;26277
2011;1;18;27380
2011;1;19;28080
2011;1;20;26830
2011;1;21;26987
2011;1;22;26086
2011;1;23;24644
2011;1;24;29378
2011;1;25;30379
2011;1;26;30029
2011;1;27;29366
2011;1;28;29494
2011;1;29;26261
2011;1;30;24390
2011;1;31;28685
2011;2;1;26889
2011;2;2;27013
2011;2;3;28537
2011;2;4;29221
2011;2;5;26744
2011;2;6;23120
2011;2;7;27533
2011;2;8;26935
2011;2;9;26586
2011;2;10;26799
2011;2;11;26750
2011;2;12;24755
2011;2;13;21890
2011;2;14;26638
2011;2;15;27262
2011;2;16;28167
2011;2;17;29914
2011;2;18;29834
2011;2;19;26760
2011;2;20;22934
2011;2;21;27614
2011;2;22;28050
2011;2;23;27784
2011;2;24;26644
2011;2;25;26230
2011;2;26;24156
2011;2;27;21248
2011;2;28;26293
2011;3;1;26467
2011;3;2;26635
2011;3;3;26960
2011;3;4;27137
2011;3;5;25178
2011;3;6;22568
2011;3;7;25181
2011;3;8;26101
2011;3;9;27997
2011;3;10;27597
2011;3;11;27521
2011;3;12;25808
2011;3;13;20246
2011;3;14;23333
2011;3;15;24531
2011;3;16;25388
2011;3;17;25508
2011;3;18;24993
2011;3;19;23184
2011;3;20;20262
2011;3;21;25489
2011;3;22;27679
2011;3;23;26675
2011;3;24;25215
2011;3;25;25204
2011;3;26;23529
2011;3;27;19853
2011;3;28;23738
2011;3;29;24608
2011;3;30;25158
2011;3;31;25939
2011;4;1;26423
2011;4;2;24277
2011;4;3;20979
2011;4;4;24492
2011;4;5;24940
2011;4;6;24675
2011;4;7;25034
2011;4;8;25089
2011;4;9;23317
2011;4;10;20660
2011;4;11;25018
2011;4;12;25772
2011;4;13;25937
2011;4;14;25144
2011;4;15;25158
2011;4;16;23285
2011;4;17;20988
2011;4;18;23280
2011;4;19;23913
2011;4;20;24536
2011;4;21;22540
2011;4;22;20587
2011;4;23;21082
2011;4;24;20006
2011;4;25;24412
2011;4;26;25179
2011;4;27;25337
2011;4;28;25355
2011;4;29;25499
2011;4;30;23708
2011;5;1;19638
2011;5;2;24209
2011;5;3;25476
2011;5;4;25907
2011;5;5;25615
2011;5;6;26395
2011;5;7;24607
2011;5;8;21826
2011;5;9;26060
2011;5;10;26994
2011;5;11;26398
2011;5;12;26127
2011;5;13;25638
2011;5;14;24250
2011;5;15;20880
2011;5;16;25185
2011;5;17;25690
2011;5;18;24902
2011;5;19;25421
2011;5;20;25236
2011;5;21;23459
2011;5;22;21012
2011;5;23;25452
2011;5;24;27361
2011;5;25;28015
2011;5;26;27598
2011;5;27;27075
2011;5;28;25095
2011;5;29;23168
2011;5;30;28318
2011;5;31;27985
2011;6;1;28290
2011;6;2;28858
2011;6;3;28777
2011;6;4;26563
2011;6;5;24589
2011;6;6;30132
2011;6;7;29634
2011;6;8;29316
2011;6;9;28631
2011;6;10;28306
2011;6;11;25673
2011;6;12;23155
2011;6;13;27971
2011;6;14;29068
2011;6;15;28557
2011;6;16;27736
2011;6;17;27649
2011;6;18;25467
2011;6;19;21960
2011;6;20;27240
2011;6;21;28154
2011;6;22;28747
2011;6;23;28935
2011;6;24;28823
2011;6;25;28031
2011;6;26;26641
2011;6;27;30865
2011;6;28;31305
2011;6;29;31448
2011;6;30;31983
2011;7;1;32955
2011;7;2;30706
2011;7;3;29107
2011;7;4;33032
2011;7;5;33279
2011;7;6;32920
2011;7;7;32980
2011;7;8;31920
2011;7;9;28140
2011;7;10;25020
2011;7;11;28759
2011;7;12;27634
2011;7;13;29753
2011;7;14;30589
2011;7;15;30155
2011;7;16;27837
2011;7;17;26185
2011;7;18;26961
2011;7;19;31565
2011;7;20;32591
2011;7;21;32110
2011;7;22;31792
2011;7;23;29057
2011;7;24;25010
2011;7;25;28089
2011;7;26;28504
2011;7;27;30269
2011;7;28;30433
2011;7;29;30888
2011;7;30;29992
2011;7;31;27544
2011;8;1;33014
2011;8;2;32522
2011;8;3;33141
2011;8;4;32685
2011;8;5;32135
2011;8;6;28310
2011;8;7;25591
2011;8;8;30204
2011;8;9;29759
2011;8;10;28475
2011;8;11;27303
2011;8;12;28126
2011;8;13;26804
2011;8;14;24760
2011;8;15;29667
2011;8;16;30114
2011;8;17;30118
2011;8;18;29991
2011;8;19;31717
2011;8;20;30710
2011;8;21;28075
2011;8;22;32492
2011;8;23;32241
2011;8;24;30899
2011;8;25;25673
2011;8;26;30120
2011;8;27;29543
2011;8;28;26332
2011;8;29;29543
2011;8;30;29715
2011;8;31;30788
2011;9;1;30589
2011;9;2;30256
2011;9;3;27614
2011;9;4;25243
2011;9;5;28360
2011;9;6;28201
2011;9;7;27615
2011;9;8;27191
2011;9;9;26758
2011;9;10;25370
2011;9;11;23173
2011;9;12;26609
2011;9;13;27012
2011;9;14;27768
2011;9;15;27448
2011;9;16;26733
2011;9;17;25515
2011;9;18;23918
2011;9;19;26891
2011;9;20;26746
2011;9;21;26255
2011;9;22;25506
2011;9;23;25869
2011;9;24;24229
2011;9;25;20523
2011;9;26;24310
2011;9;27;24524
2011;9;28;25246
2011;9;29;25840
2011;9;30;25374
2011;10;1;23052
2011;10;2;19761
2011;10;3;25991
2011;10;4;26372
2011;10;5;24622
2011;10;6;24269
2011;10;7;25281
2011;10;8;23626
2011;10;9;21227
2011;10;10;24527
2011;10;11;24180
2011;10;12;24502
2011;10;13;24871
2011;10;14;25102
2011;10;15;23793
2011;10;16;21190
2011;10;17;24812
2011;10;18;25442
2011;10;19;25472
2011;10;20;25386
2011;10;21;25359
2011;10;22;23657
2011;10;23;21405
2011;10;24;25072
2011;10;25;25606
2011;10;26;25527
2011;10;27;25486
2011;10;28;25110
2011;10;29;23393
2011;10;30;20943
2011;10;31;24628
2011;11;1;24890
2011;11;2;23208
2011;11;3;25281
2011;11;4;25634
2011;11;5;22432
2011;11;6;19647
2011;11;7;23452
2011;11;8;24380
2011;11;9;25369
2011;11;10;23404
2011;11;11;24300
2011;11;12;22360
2011;11;13;19781
2011;11;14;23542
2011;11;15;24196
2011;11;16;24774
2011;11;17;24726
2011;11;18;24991
2011;11;19;23647
2011;11;20;20600
2011;11;21;24028
2011;11;22;24128
2011;11;23;24556
2011;11;24;25614
2011;11;25;26811
2011;11;26;25036
2011;11;27;22679
2011;11;28;28566
2011;11;29;28528
2011;11;30;25303
2011;12;1;24872
2011;12;2;25611
2011;12;3;24210
2011;12;4;21901
2011;12;5;26647
2011;12;6;27495
2011;12;7;27354
2011;12;8;27272
2011;12;9;27501
2011;12;10;25591
2011;12;11;22535
2011;12;12;26245
2011;12;13;26417
2011;12;14;26328
2011;12;15;26602
2011;12;16;26257
2011;12;17;24188
2011;12;18;20923
2011;12;19;26620
2011;12;20;28324
2011;12;21;29843
2011;12;22;28735
2011;12;23;26425
2011;12;24;22470
2011;12;25;18147
2011;12;26;24399
2011;12;27;27059
2011;12;28;27469
2011;12;29;27640
2011;12;30;27437
2011;12;31;23216
2012;1;1;20240
2012;1;2;26260
2012;1;3;27217
2012;1;4;26641
2012;1;5;26236
2012;1;6;25898
2012;1;7;25440
2012;1;8;23056
2012;1;9;29770
2012;1;10;31767
2012;1;11;31152
2012;1;12;27458
2012;1;13;26368
2012;1;14;24909
2012;1;15;22248
2012;1;16;27167
2012;1;17;28061
2012;1;18;28699
2012;1;19;29697
2012;1;20;30147
2012;1;21;27862
2012;1;22;23893
2012;1;23;28916
2012;1;24;28589
2012;1;25;26756
2012;1;26;26690
2012;1;27;26737
2012;1;28;25029
2012;1;29;23864
2012;1;30;29304
2012;1;31;30214
2012;2;1;30147
2012;2;2;29634
2012;2;3;29304
2012;2;4;27691
2012;2;5;24430
2012;2;6;29170
2012;2;7;30796
2012;2;8;30161
2012;2;9;28271
2012;2;10;27217
2012;2;11;24102
2012;2;12;22163
2012;2;13;28111
2012;2;14;30295
2012;2;15;31275
2012;2;16;31843
2012;2;17;29351
2012;2;18;27602
2012;2;19;25062
2012;2;20;25700
2012;2;21;24079
2012;2;22;24913
2012;2;23;24899
2012;2;24;25284
2012;2;25;24030
2012;2;26;21560
2012;2;27;25616
2012;2;28;25466
2012;2;29;25194
2012;3;1;24551
2012;3;2;24691
2012;3;3;23333
2012;3;4;22265
2012;3;5;28275
2012;3;6;27413
2012;3;7;28204
2012;3;8;28126
2012;3;9;27429
2012;3;10;26023
2012;3;11;23699
2012;3;12;27671
2012;3;13;26257
2012;3;14;24657
2012;3;15;24849
2012;3;16;24737
2012;3;17;24751
2012;3;18;23292
2012;3;19;28281
2012;3;20;27517
2012;3;21;27344
2012;3;22;26466
2012;3;23;24224
2012;3;24;22394
2012;3;25;20237
2012;3;26;23724
2012;3;27;24285
2012;3;28;24194
2012;3;29;24348
2012;3;30;24611
2012;3;31;22765
2012;4;1;20475
2012;4;2;24838
2012;4;3;25816
2012;4;4;25887
2012;4;5;23664
2012;4;6;21766
2012;4;7;22006
2012;4;8;21534
2012;4;9;25183
2012;4;10;26040
2012;4;11;26344
2012;4;12;25957
2012;4;13;25929
2012;4;14;24898
2012;4;15;21857
2012;4;16;25583
2012;4;17;26135
2012;4;18;25835
2012;4;19;26434
2012;4;20;25997
2012;4;21;23016
2012;4;22;20429
2012;4;23;24422
2012;4;24;26599
2012;4;25;27151
2012;4;26;27573
2012;4;27;27645
2012;4;28;25935
2012;4;29;23983
2012;4;30;25816
2012;5;1;22134
2012;5;2;25442
2012;5;3;25449
2012;5;4;24928
2012;5;5;23512
2012;5;6;20914
2012;5;7;24294
2012;5;8;24752
2012;5;9;25046
2012;5;10;25230
2012;5;11;25075
2012;5;12;24422
2012;5;13;21909
2012;5;14;25648
2012;5;15;25860
2012;5;16;25556
2012;5;17;25343
2012;5;18;24909
2012;5;19;23289
2012;5;20;20614
2012;5;21;24065
2012;5;22;25284
2012;5;23;25512
2012;5;24;25408
2012;5;25;24961
2012;5;26;23359
2012;5;27;21048
2012;5;28;23872
2012;5;29;24586
2012;5;30;24934
2012;5;31;25667
2012;6;1;26049
2012;6;2;24316
2012;6;3;22534
2012;6;4;27270
2012;6;5;28468
2012;6;6;30560
2012;6;7;30720
2012;6;8;30478
2012;6;9;28530
2012;6;10;25918
2012;6;11;29063
2012;6;12;28281
2012;6;13;26966
2012;6;14;26563
2012;6;15;28053
2012;6;16;26687
2012;6;17;25209
2012;6;18;28855
2012;6;19;28397
2012;6;20;29400
2012;6;21;29391
2012;6;22;28650
2012;6;23;26524
2012;6;24;23927
2012;6;25;28176
2012;6;26;29516
2012;6;27;27433
2012;6;28;26422
2012;6;29;27392
2012;6;30;25817
2012;7;1;22382
2012;7;2;27773
2012;7;3;29643
2012;7;4;31489
2012;7;5;30832
2012;7;6;31084
2012;7;7;29645
2012;7;8;26931
2012;7;9;31234
2012;7;10;31537
2012;7;11;32466
2012;7;12;32791
2012;7;13;31039
2012;7;14;29128
2012;7;15;26965
2012;7;16;31582
2012;7;17;31574
2012;7;18;27697
2012;7;19;29739
2012;7;20;29231
2012;7;21;26879
2012;7;22;25156
2012;7;23;29892
2012;7;24;30828
2012;7;25;31223
2012;7;26;31586
2012;7;27;31409
2012;7;28;28866
2012;7;29;26069
2012;7;30;30862
2012;7;31;31792
2012;8;1;29934
2012;8;2;29670
2012;8;3;29841
2012;8;4;28033
2012;8;5;25831
2012;8;6;29222
2012;8;7;28330
2012;8;8;26973
2012;8;9;27467
2012;8;10;26646
2012;8;11;24956
2012;8;12;23210
2012;8;13;27381
2012;8;14;28682
2012;8;15;27413
2012;8;16;27070
2012;8;17;27080
2012;8;18;24813
2012;8;19;21790
2012;8;20;27358
2012;8;21;28349
2012;8;22;26923
2012;8;23;25239
2012;8;24;25961
2012;8;25;23448
2012;8;26;24669
2012;8;27;28936
2012;8;28;28604
2012;8;29;28207
2012;8;30;26935
2012;8;31;25985
2012;9;1;23520
2012;9;2;21470
2012;9;3;25773
2012;9;4;26954
2012;9;5;27825
2012;9;6;27308
2012;9;7;26776
2012;9;8;24711
2012;9;9;22533
2012;9;10;25793
2012;9;11;25597
2012;9;12;25186
2012;9;13;24816
2012;9;14;24513
2012;9;15;23074
2012;9;16;20977
2012;9;17;25125
2012;9;18;26900
2012;9;19;25338
2012;9;20;25564
2012;9;21;25734
2012;9;22;23875
2012;9;23;21728
2012;9;24;26213
2012;9;25;28519
2012;9;26;28009
2012;9;27;27169
2012;9;28;25702
2012;9;29;24139
2012;9;30;21322
2012;10;1;24835
2012;10;2;26421
2012;10;3;26315
2012;10;4;25527
2012;10;5;25186
2012;10;6;23342
2012;10;7;23094
2012;10;8;27183
2012;10;9;27383
2012;10;10;27690
2012;10;11;27107
2012;10;12;26565
2012;10;13;24235
2012;10;14;21645
2012;10;15;24655
2012;10;16;25986
2012;10;17;26604
2012;10;18;26411
2012;10;19;26501
2012;10;20;24519
2012;10;21;22017
2012;10;22;26237
2012;10;23;26745
2012;10;24;26466
2012;10;25;25933
2012;10;26;25996
2012;10;27;24776
2012;10;28;22393
2012;10;29;26436
2012;10;30;26471
2012;10;31;25976
2012;11;1;26044
2012;11;2;24113
2012;11;3;24319
2012;11;4;22262
2012;11;5;27313
2012;11;6;29120
2012;11;7;30380
2012;11;8;30231
2012;11;9;29439
2012;11;10;24483
2012;11;11;21807
2012;11;12;25437
2012;11;13;25999
2012;11;14;26423
2012;11;15;26761
2012;11;16;27395
2012;11;17;25365
2012;11;18;23130
2012;11;19;27472
2012;11;20;28648
2012;11;21;29083
2012;11;22;27720
2012;11;23;27092
2012;11;24;24922
2012;11;25;22144
2012;11;26;26512
2012;11;27;28040
2012;11;28;27957
2012;11;29;27538
2012;11;30;27731
2012;12;1;25694
2012;12;2;24246
2012;12;3;29918
2012;12;4;29986
2012;12;5;31060
2012;12;6;30230
2012;12;7;26954
2012;12;8;25323
2012;12;9;23878
2012;12;10;28842
2012;12;11;27054
2012;12;12;29137
2012;12;13;29075
2012;12;14;29180
2012;12;15;28157
2012;12;16;25154
2012;12;17;27378
2012;12;18;27580
2012;12;19;28772
2012;12;20;28259
2012;12;21;27962
2012;12;22;26601
2012;12;23;26196
2012;12;24;31081
2012;12;25;24487
2012;12;26;26274
2012;12;27;26861
2012;12;28;27339
2012;12;29;26830
2012;12;30;26529
2012;12;31;27414
2013;1;1;20080
2013;1;2;24338
2013;1;3;26066
2013;1;4;28344
2013;1;5;27457
2013;1;6;25468
2013;1;7;29494
2013;1;8;30081
2013;1;9;29719
2013;1;10;29467
2013;1;11;29564
2013;1;12;27269
2013;1;13;25294
2013;1;14;29520
2013;1;15;30417
2013;1;16;30787
2013;1;17;30715
2013;1;18;30369
2013;1;19;26836
2013;1;20;23875
2013;1;21;28310
2013;1;22;29448
2013;1;23;30847
2013;1;24;31507
2013;1;25;27187
2013;1;26;25144
2013;1;27;23686
2013;1;28;29886
2013;1;29;32589
2013;1;30;32732
2013;1;31;33118
2013;2;1;33492
2013;2;2;28074
2013;2;3;22993
2013;2;4;27109
2013;2;5;28673
2013;2;6;29431
2013;2;7;30178
2013;2;8;30384
2013;2;9;28437
2013;2;10;26196
2013;2;11;28351
2013;2;12;29429
2013;2;13;31438
2013;2;14;30932
2013;2;15;30857
2013;2;16;29294
2013;2;17;26353
2013;2;18;27237
2013;2;19;26983
2013;2;20;26857
2013;2;21;26633
2013;2;22;27005
2013;2;23;25522
2013;2;24;23495
2013;2;25;26449
2013;2;26;26220
2013;2;27;26525
2013;2;28;26810
2013;3;1;27209
2013;3;2;24931
2013;3;3;22159
2013;3;4;25579
2013;3;5;26326
2013;3;6;26801
2013;3;7;27659
2013;3;8;28791
2013;3;9;27133
2013;3;10;23299
2013;3;11;26837
2013;3;12;26644
2013;3;13;26122
2013;3;14;25673
2013;3;15;26310
2013;3;16;24720
2013;3;17;22411
2013;3;18;25978
2013;3;19;26865
2013;3;20;27337
2013;3;21;27085
2013;3;22;26162
2013;3;23;24533
2013;3;24;22271
2013;3;25;25233
2013;3;26;25630
2013;3;27;25370
2013;3;28;24338
2013;3;29;22626
2013;3;30;23077
2013;3;31;22975
2013;4;1;26763
2013;4;2;27081
2013;4;3;26692
2013;4;4;26883
2013;4;5;26642
2013;4;6;24847
2013;4;7;22413
2013;4;8;26015
2013;4;9;26606
2013;4;10;26835
2013;4;11;27534
2013;4;12;26971
2013;4;13;25259
2013;4;14;23129
2013;4;15;26494
2013;4;16;27199
2013;4;17;27223
2013;4;18;26926
2013;4;19;26989
2013;4;20;25090
2013;4;21;22543
2013;4;22;25763
2013;4;23;27087
2013;4;24;27141
2013;4;25;27287
2013;4;26;27380
2013;4;27;25484
2013;4;28;23117
2013;4;29;26640
2013;4;30;26402
2013;5;1;21886
2013;5;2;26468
2013;5;3;27548
2013;5;4;25412
2013;5;5;23094
2013;5;6;26906
2013;5;7;27737
2013;5;8;28377
2013;5;9;27925
2013;5;10;27627
2013;5;11;25709
2013;5;12;23048
2013;5;13;27561
2013;5;14;27854
2013;5;15;29299
2013;5;16;30937
2013;5;17;31053
2013;5;18;29168
2013;5;19;26331
2013;5;20;30452
2013;5;21;31156
2013;5;22;29927
2013;5;23;29389
2013;5;24;29501
2013;5;25;27830
2013;5;26;25429
2013;5;27;28848
2013;5;28;29370
2013;5;29;30416
2013;5;30;30489
2013;5;31;30102
2013;6;1;27184
2013;6;2;25358
2013;6;3;29412
2013;6;4;30079
2013;6;5;30182
2013;6;6;30419
2013;6;7;30958
2013;6;8;28587
2013;6;9;27440
2013;6;10;30736
2013;6;11;30184
2013;6;12;28960
2013;6;13;28148
2013;6;14;29461
2013;6;15;28943
2013;6;16;27260
2013;6;17;31024
2013;6;18;32135
2013;6;19;31382
2013;6;20;33730
2013;6;21;34245
2013;6;22;31154
2013;6;23;28853
2013;6;24;33259
2013;6;25;33443
2013;6;26;33351
2013;6;27;32143
2013;6;28;31999
2013;6;29;28874
2013;6;30;27344
2013;7;1;31533
2013;7;2;31560
2013;7;3;30244
2013;7;4;30780
2013;7;5;30154
2013;7;6;28015
2013;7;7;27278
2013;7;8;32127
2013;7;9;33360
2013;7;10;31883
2013;7;11;30676
2013;7;12;31006
2013;7;13;29590
2013;7;14;27182
2013;7;15;32659
2013;7;16;31924
2013;7;17;29710
2013;7;18;28270
2013;7;19;33107
2013;7;20;32746
2013;7;21;31304
2013;7;22;37193
2013;7;23;36547
2013;7;24;36040
2013;7;25;35006
2013;7;26;34309
2013;7;27;29649
2013;7;28;27313
2013;7;29;31598
2013;7;30;31871
2013;7;31;30026
2013;8;1;32292
2013;8;2;33587
2013;8;3;31102
2013;8;4;27522
2013;8;5;31094
2013;8;6;30831
2013;8;7;31506
2013;8;8;31755
2013;8;9;32475
2013;8;10;30478
2013;8;11;28230
2013;8;12;31655
2013;8;13;34114
2013;8;14;33989
2013;8;15;33967
2013;8;16;33026
2013;8;17;30398
2013;8;18;26592
2013;8;19;28800
2013;8;20;27979
2013;8;21;28222
2013;8;22;30981
2013;8;23;33489
2013;8;24;31092
2013;8;25;28304
2013;8;26;34399
2013;8;27;33586
2013;8;28;31251
2013;8;29;29063
2013;8;30;27752
2013;8;31;25336
2013;9;1;23013
2013;9;2;27300
2013;9;3;29706
2013;9;4;30551
2013;9;5;30553
2013;9;6;28841
2013;9;7;27300
2013;9;8;23912
2013;9;9;27395
2013;9;10;28126
2013;9;11;28164
2013;9;12;27770
2013;9;13;27834
2013;9;14;28123
2013;9;15;27185
2013;9;16;32309
2013;9;17;33954
2013;9;18;31897
2013;9;19;29912
2013;9;20;29400
2013;9;21;27350
2013;9;22;26049
2013;9;23;30468
2013;9;24;31337
2013;9;25;29538
2013;9;26;29285
2013;9;27;28736
2013;9;28;26791
2013;9;29;25569
2013;9;30;29572
2013;10;1;29480
2013;10;2;28988
2013;10;3;28505
2013;10;4;28404
2013;10;5;26506
2013;10;6;22587
2013;10;7;26497
2013;10;8;26669
2013;10;9;26740
2013;10;10;26787
2013;10;11;27028
2013;10;12;25197
2013;10;13;23170
2013;10;14;26735
2013;10;15;26857
2013;10;16;26601
2013;10;17;26838
2013;10;18;26822
2013;10;19;24835
2013;10;20;22640
2013;10;21;25922
2013;10;22;26352
2013;10;23;26757
2013;10;24;26642
2013;10;25;26825
2013;10;26;24994
2013;10;27;22246
2013;10;28;25987
2013;10;29;26280
2013;10;30;26900
2013;10;31;26876
2013;11;1;27405
2013;11;2;24767
2013;11;3;22695
2013;11;4;26114
2013;11;5;26802
2013;11;6;26719
2013;11;7;27040
2013;11;8;27462
2013;11;9;25203
2013;11;10;22974
2013;11;11;26833
2013;11;12;27235
2013;11;13;26869
2013;11;14;28454
2013;11;15;27651
2013;11;16;24707
2013;11;17;22594
2013;11;18;27631
2013;11;19;27704
2013;11;20;27460
2013;11;21;27270
2013;11;22;27606
2013;11;23;25828
2013;11;24;24572
2013;11;25;29167
2013;11;26;28173
2013;11;27;27741
2013;11;28;27177
2013;11;29;27494
2013;11;30;26072
2013;12;1;24172
2013;12;2;30117
2013;12;3;27503
2013;12;4;28725
2013;12;5;28132
2013;12;6;27584
2013;12;7;26678
2013;12;8;26143
2013;12;9;28878
2013;12;10;28196
2013;12;11;28407
2013;12;12;29421
2013;12;13;30734
2013;12;14;29734
2013;12;15;28383
2013;12;16;33456
2013;12;17;34288
2013;12;18;33994
2013;12;19;33139
2013;12;20;32496
2013;12;21;30163
2013;12;22;28371
2013;12;23;33072
2013;12;24;31171
2013;12;25;27856
2013;12;26;35998
2013;12;27;35315
2013;12;28;33105
2013;12;29;31829
2013;12;30;36562
2013;12;31;28763
2014;1;1;25998
2014;1;2;29454
2014;1;3;27334
2014;1;4;26064
2014;1;5;26069
2014;1;6;29621
2014;1;7;31171
2014;1;8;28251
2014;1;9;30346
2014;1;10;29433
2014;1;11;25771
2014;1;12;22979
2014;1;13;27982
2014;1;14;29662
2014;1;15;31570
2014;1;16;33682
2014;1;17;34917
2014;1;18;33692
2014;1;19;30255
2014;1;20;32645
2014;1;21;32593
2014;1;22;33511
2014;1;23;36038
2014;1;24;29944
2014;1;25;25029
2014;1;26;23498
2014;1;27;28985
2014;1;28;29942
2014;1;29;29555
2014;1;30;29466
2014;1;31;30537
2014;2;1;26901
2014;2;2;23796
2014;2;3;27585
2014;2;4;28593
2014;2;5;31909
2014;2;6;29413
2014;2;7;29557
2014;2;8;29468
2014;2;9;25788
2014;2;10;29890
2014;2;11;31016
2014;2;12;29888
2014;2;13;28428
2014;2;14;27117
2014;2;15;24961
2014;2;16;23182
2014;2;17;28401
2014;2;18;30290
2014;2;19;30634
2014;2;20;29999
2014;2;21;30486
2014;2;22;27288
2014;2;23;23921
2014;2;24;28696
2014;2;25;27716
2014;2;26;27105
2014;2;27;27103
2014;2;28;27484
2014;3;1;25417
2014;3;2;22896
2014;3;3;25514
2014;3;4;26155
2014;3;5;27411
2014;3;6;27670
2014;3;7;27101
2014;3;8;25121
2014;3;9;23021
2014;3;10;26535
2014;3;11;26861
2014;3;12;27575
2014;3;13;28066
2014;3;14;28291
2014;3;15;25323
2014;3;16;23338
2014;3;17;27154
2014;3;18;26485
2014;3;19;26781
2014;3;20;26768
2014;3;21;26850
2014;3;22;24849
2014;3;23;22582
2014;3;24;26499
2014;3;25;27464
2014;3;26;27924
2014;3;27;28293
2014;3;28;28460
2014;3;29;26728
2014;3;30;24131
2014;3;31;26668
2014;4;1;27458
2014;4;2;28305
2014;4;3;28987
2014;4;4;29771
2014;4;5;27840
2014;4;6;24721
2014;4;7;28758
2014;4;8;28509
2014;4;9;27522
2014;4;10;27488
2014;4;11;27341
2014;4;12;25312
2014;4;13;23411
2014;4;14;26373
2014;4;15;26790
2014;4;16;26584
2014;4;17;25662
2014;4;18;23427
2014;4;19;23756
2014;4;20;23180
2014;4;21;27070
2014;4;22;27682
2014;4;23;28163
2014;4;24;28378
2014;4;25;28349
2014;4;26;26905
2014;4;27;24368
2014;4;28;27640
2014;4;29;28267
2014;4;30;27968
2014;5;1;23232
2014;5;2;27235
2014;5;3;26443
2014;5;4;24103
2014;5;5;27502
2014;5;6;27962
2014;5;7;28268
2014;5;8;28335
2014;5;9;28336
2014;5;10;26816
2014;5;11;24164
2014;5;12;28361
2014;5;13;28875
2014;5;14;29052
2014;5;15;29115
2014;5;16;29247
2014;5;17;27629
2014;5;18;25628
2014;5;19;29878
2014;5;20;31250
2014;5;21;32106
2014;5;22;32268
2014;5;23;32868
2014;5;24;30989
2014;5;25;28072
2014;5;26;32037
2014;5;27;33159
2014;5;28;33108
2014;5;29;32662
2014;5;30;32421
2014;5;31;29911
2014;6;1;26803
2014;6;2;31097
2014;6;3;31825
2014;6;4;32226
2014;6;5;31884
2014;6;6;32187
2014;6;7;31153
2014;6;8;27730
2014;6;9;32055
2014;6;10;32369
2014;6;11;32626
2014;6;12;30727
2014;6;13;31488
2014;6;14;30701
2014;6;15;28198
2014;6;16;31878
2014;6;17;33791
2014;6;18;34159
2014;6;19;32504
2014;6;20;34290
2014;6;21;31787
2014;6;22;28641
2014;6;23;32123
2014;6;24;32180
2014;6;25;33567
2014;6;26;33437
2014;6;27;33383
2014;6;28;31607
2014;6;29;28586
2014;6;30;32714
2014;7;1;33819
2014;7;2;33492
2014;7;3;32296
2014;7;4;32974
2014;7;5;30098
2014;7;6;29233
2014;7;7;33481
2014;7;8;33357
2014;7;9;33734
2014;7;10;33331
2014;7;11;32371
2014;7;12;29556
2014;7;13;26225
2014;7;14;29871
2014;7;15;30542
2014;7;16;30951
2014;7;17;31787
2014;7;18;28711
2014;7;19;28754
2014;7;20;26331
2014;7;21;29693
2014;7;22;31511
2014;7;23;33224
2014;7;24;33645
2014;7;25;34477
2014;7;26;32423
2014;7;27;30294
2014;7;28;35575
2014;7;29;33187
2014;7;30;30380
2014;7;31;30631
2014;8;1;29513
2014;8;2;27748
2014;8;3;24886
2014;8;4;29257
2014;8;5;31343
2014;8;6;32083
2014;8;7;30933
2014;8;8;31490
2014;8;9;29346
2014;8;10;26936
2014;8;11;32033
2014;8;12;33214
2014;8;13;33452
2014;8;14;33368
2014;8;15;32238
2014;8;16;29284
2014;8;17;25699
2014;8;18;28682
2014;8;19;28412
2014;8;20;28433
2014;8;21;28200
2014;8;22;27558
2014;8;23;25786
2014;8;24;23619
2014;8;25;25867
2014;8;26;33050
2014;8;27;34223
2014;8;28;33095
2014;8;29;31881
2014;8;30;28702
2014;8;31;25151
2014;9;1;29365
2014;9;2;30293
2014;9;3;29425
2014;9;4;28813
2014;9;5;28833
2014;9;6;26983
2014;9;7;24338
2014;9;8;27803
2014;9;9;29417
2014;9;10;29245
2014;9;11;29009
2014;9;12;28541
2014;9;13;27344
2014;9;14;26073
2014;9;15;28944
2014;9;16;29039
2014;9;17;29107
2014;9;18;27941
2014;9;19;27630
2014;9;20;26092
2014;9;21;23591
2014;9;22;27199
2014;9;23;27688
2014;9;24;27329
2014;9;25;27748
2014;9;26;27545
2014;9;27;26111
2014;9;28;23909
2014;9;29;27110
2014;9;30;27435
2014;10;1;28059
2014;10;2;28564
2014;10;3;28367
2014;10;4;26781
2014;10;5;23285
2014;10;6;27151
2014;10;7;27263
2014;10;8;27451
2014;10;9;27734
2014;10;10;27444
2014;10;11;25384
2014;10;12;22902
2014;10;13;26687
2014;10;14;26981
2014;10;15;27064
2014;10;16;27406
2014;10;17;26964
2014;10;18;25044
2014;10;19;22313
2014;10;20;25951
2014;10;21;26975
2014;10;22;27591
2014;10;23;28380
2014;10;24;28496
2014;10;25;26269
2014;10;26;24336
2014;10;27;29978
2014;10;28;30051
2014;10;29;27985
2014;10;30;26931
2014;10;31;26686
2014;11;1;25127
2014;11;2;23730
2014;11;3;27992
2014;11;4;27322
2014;11;5;27030
2014;11;6;26989
2014;11;7;27710
2014;11;8;25352
2014;11;9;23130
2014;11;10;28284
2014;11;11;28639
2014;11;12;27778
2014;11;13;26902
2014;11;14;27260
2014;11;15;25916
2014;11;16;23929
2014;11;17;28374
2014;11;18;29933
2014;11;19;29399
2014;11;20;28096
2014;11;21;27564
2014;11;22;24855
2014;11;23;23127
2014;11;24;27291
2014;11;25;27291
2014;11;26;27331
2014;11;27;27895
2014;11;28;28668
2014;11;29;28195
2014;11;30;24245
2014;12;1;26998
2014;12;2;27522
2014;12;3;27270
2014;12;4;28844
2014;12;5;29738
2014;12;6;29053
2014;12;7;26141
2014;12;8;29490
2014;12;9;31270
2014;12;10;28973
2014;12;11;27955
2014;12;12;28632
2014;12;13;27417
2014;12;14;24083
2014;12;15;28398
2014;12;16;28967
2014;12;17;30197
2014;12;18;30893
2014;12;19;32330
2014;12;20;28456
2014;12;21;23574
2014;12;22;26780
2014;12;23;27737
2014;12;24;26705
2014;12;25;23729
2014;12;26;29689
2014;12;27;27861
2014;12;28;27038
2014;12;29;33066
2014;12;30;33646
2014;12;31;29089
2015;1;1;23238
2015;1;2;25070
2015;1;3;25408
2015;1;4;23979
2015;1;5;29190
2015;1;6;28665
2015;1;7;28690
2015;1;8;30989
2015;1;9;31574
2015;1;10;29808
2015;1;11;27545
2015;1;12;33175
2015;1;13;30711
2015;1;14;29439
2015;1;15;29920
2015;1;16;31337
2015;1;17;28673
2015;1;18;25500
2015;1;19;29532
2015;1;20;28319
2015;1;21;28489
2015;1;22;29142
2015;1;23;29736
2015;1;24;28637
2015;1;25;27499
2015;1;26;34583
2015;1;27;35356
2015;1;28;31472
2015;1;29;27610
2015;1;30;27665
2015;1;31;26511
2015;2;1;25131
2015;2;2;31165
2015;2;3;31611
2015;2;4;32623
2015;2;5;32801
2015;2;6;32510
2015;2;7;29499
2015;2;8;27471
2015;2;9;32859
2015;2;10;31964
2015;2;11;31076
2015;2;12;32122
2015;2;13;29947
2015;2;14;27048
2015;2;15;25027
2015;2;16;27405
2015;2;17;28923
2015;2;18;31183
2015;2;19;28508
2015;2;20;27542
2015;2;21;26998
2015;2;22;25594
2015;2;23;32254
2015;2;24;33547
2015;2;25;32058
2015;2;26;30732
2015;2;27;29980
2015;2;28;26513
2015;3;1;24671
2015;3;2;30353
2015;3;3;31796
2015;3;4;29901
2015;3;5;30348
2015;3;6;29958
2015;3;7;28175
2015;3;8;25859
2015;3;9;31400
2015;3;10;32501
2015;3;11;31720
2015;3;12;31786
2015;3;13;31590
2015;3;14;29129
2015;3;15;26501
2015;3;16;30631
2015;3;17;31974
2015;3;18;31544
2015;3;19;31473
2015;3;20;31998
2015;3;21;26504
2015;3;22;23395
2015;3;23;26982
2015;3;24;27892
2015;3;25;28310
2015;3;26;27202
2015;3;27;27162
2015;3;28;25684
2015;3;29;23412
2015;3;30;26801
2015;3;31;26728
2015;4;1;26175
2015;4;2;25442
2015;4;3;24074
2015;4;4;24454
2015;4;5;23644
2015;4;6;26353
2015;4;7;27153
2015;4;8;27648
2015;4;9;28014
2015;4;10;28407
2015;4;11;26197
2015;4;12;23702
2015;4;13;27958
2015;4;14;28134
2015;4;15;28745
2015;4;16;28425
2015;4;17;27740
2015;4;18;25300
2015;4;19;23164
2015;4;20;26854
2015;4;21;27296
2015;4;22;27383
2015;4;23;27201
2015;4;24;27246
2015;4;25;25582
2015;4;26;23177
2015;4;27;26988
2015;4;28;27412
2015;4;29;27374
2015;4;30;26876
2015;5;1;22277
2015;5;2;24467
2015;5;3;23819
2015;5;4;28002
2015;5;5;28711
2015;5;6;29603
2015;5;7;29562
2015;5;8;29451
2015;5;9;27589
2015;5;10;24776
2015;5;11;28580
2015;5;12;28818
2015;5;13;29204
2015;5;14;28884
2015;5;15;28227
2015;5;16;25891
2015;5;17;23230
2015;5;18;26308
2015;5;19;27662
2015;5;20;27722
2015;5;21;27850
2015;5;22;28151
2015;5;23;26086
2015;5;24;23837
2015;5;25;28617
2015;5;26;30096
2015;5;27;29990
2015;5;28;29368
2015;5;29;30052
2015;5;30;28412
2015;5;31;26117
2015;6;1;29203
2015;6;2;29398
2015;6;3;29651
2015;6;4;29954
2015;6;5;29516
2015;6;6;27160
2015;6;7;24694
2015;6;8;29159
2015;6;9;30749
2015;6;10;30542
2015;6;11;31669
2015;6;12;32576
2015;6;13;31401
2015;6;14;28535
2015;6;15;33300
2015;6;16;33067
2015;6;17;33217
2015;6;18;34488
2015;6;19;34412
2015;6;20;33412
2015;6;21;29917
2015;6;22;35225
2015;6;23;35723
2015;6;24;35917
2015;6;25;33040
2015;6;26;30691
2015;6;27;27854
2015;6;28;25506
2015;6;29;29784
2015;6;30;30163
2015;7;1;32014
2015;7;2;32949
2015;7;3;34190
2015;7;4;32126
2015;7;5;30497
2015;7;6;34056
2015;7;7;34250
2015;7;8;33991
2015;7;9;33364
2015;7;10;33087
2015;7;11;30701
2015;7;12;27316
2015;7;13;32661
2015;7;14;33693
2015;7;15;34723
2015;7;16;35607
2015;7;17;33748
2015;7;18;29000
2015;7;19;27848
2015;7;20;33804
2015;7;21;35088
2015;7;22;35423
2015;7;23;35440
2015;7;24;33922
2015;7;25;29976
2015;7;26;26953
2015;7;27;30214
2015;7;28;29844
2015;7;29;29816
2015;7;30;30663
2015;7;31;30131
2015;8;1;28362
2015;8;2;26285
2015;8;3;29717
2015;8;4;31073
2015;8;5;30705
2015;8;6;28124
2015;8;7;29731
2015;8;8;28027
2015;8;9;24685
2015;8;10;29563
2015;8;11;30930
2015;8;12;32880
2015;8;13;32231
2015;8;14;32154
2015;8;15;29755
2015;8;16;27384
2015;8;17;30954
2015;8;18;29820
2015;8;19;31743
2015;8;20;31159
2015;8;21;29898
2015;8;22;27523
2015;8;23;27318
2015;8;24;30341
2015;8;25;26225
2015;8;26;30939
2015;8;27;30251
2015;8;28;29616
2015;8;29;26975
2015;8;30;23625
2015;8;31;27968
2015;9;1;30821
2015;9;2;32284
2015;9;3;30387
2015;9;4;30165
2015;9;5;27524
2015;9;6;25110
2015;9;7;28816
2015;9;8;28398
2015;9;9;29672
2015;9;10;30775
2015;9;11;32798
2015;9;12;29752
2015;9;13;26191
2015;9;14;28456
2015;9;15;27963
2015;9;16;28795
2015;9;17;29185
2015;9;18;29285
2015;9;19;27087
2015;9;20;24587
2015;9;21;29496
2015;9;22;31705
2015;9;23;31688
2015;9;24;31533
2015;9;25;30622
2015;9;26;27746
2015;9;27;24573
2015;9;28;28287
2015;9;29;28775
2015;9;30;28826
2015;10;1;28602
2015;10;2;29977
2015;10;3;29341
2015;10;4;26079
2015;10;5;28965
2015;10;6;28542
2015;10;7;29457
2015;10;8;29465
2015;10;9;30259
2015;10;10;28434
2015;10;11;26057
2015;10;12;28177
2015;10;13;28437
2015;10;14;28485
2015;10;15;28057
2015;10;16;29283
2015;10;17;27439
2015;10;18;24719
2015;10;19;28695
2015;10;20;28869
2015;10;21;28100
2015;10;22;27850
2015;10;23;27934
2015;10;24;27007
2015;10;25;25138
2015;10;26;27551
2015;10;27;27733
2015;10;28;27831
2015;10;29;27757
2015;10;30;27985
2015;10;31;26209
2015;11;1;23485
2015;11;2;25009
2015;11;3;27034
2015;11;4;27508
2015;11;5;27566
2015;11;6;27377
2015;11;7;25504
2015;11;8;23602
2015;11;9;28129
2015;11;10;28797
2015;11;11;28207
2015;11;12;27878
2015;11;13;28042
2015;11;14;25653
2015;11;15;23769
2015;11;16;27763
2015;11;17;27967
2015;11;18;27824
2015;11;19;27644
2015;11;20;27206
2015;11;21;25064
2015;11;22;23131
2015;11;23;27479
2015;11;24;27489
2015;11;25;28112
2015;11;26;28064
2015;11;27;29700
2015;11;28;27724
2015;11;29;23279
2015;11;30;27547
2015;12;1;28909
2015;12;2;30541
2015;12;3;29238
2015;12;4;29422
2015;12;5;26856
2015;12;6;23425
2015;12;7;29267
2015;12;8;29421
2015;12;9;29895
2015;12;10;30365
2015;12;11;32724
2015;12;12;31689
2015;12;13;28075
2015;12;14;30131
2015;12;15;30420
2015;12;16;30398
2015;12;17;29119
2015;12;18;28515
2015;12;19;25614
2015;12;20;24068
2015;12;21;29498
2015;12;22;29158
2015;12;23;29451
2015;12;24;27782
2015;12;25;23247
2015;12;26;26670
2015;12;27;27562
2015;12;28;34103
2015;12;29;34074
2015;12;30;32384
2015;12;31;29358
2016;1;1;24865
2016;1;2;27368
2016;1;3;26905
2016;1;4;32012
2016;1;5;32224
2016;1;6;27805
2016;1;7;28695
2016;1;8;28506
2016;1;9;28113
2016;1;10;26452
2016;1;11;31288
2016;1;12;33354
2016;1;13;31039
2016;1;14;31641
2016;1;15;32040
2016;1;16;29158
2016;1;17;29467
2016;1;18;32936
2016;1;19;32213
2016;1;20;31198
2016;1;21;32230
2016;1;22;34721
2016;1;23;31746
2016;1;24;30580
2016;1;25;33679
2016;1;26;31380
2016;1;27;30075
2016;1;28;31894
2016;1;29;32898
2016;1;30;30117
2016;1;31;26818
2016;2;1;29999
2016;2;2;31337
2016;2;3;30374
2016;2;4;29873
2016;2;5;30543
2016;2;6;27553
2016;2;7;25389
2016;2;8;27307
2016;2;9;27440
2016;2;10;30226
2016;2;11;29658
2016;2;12;32759
2016;2;13;27650
2016;2;14;25155
2016;2;15;30644
2016;2;16;31874
2016;2;17;30937
2016;2;18;33485
2016;2;19;31546
2016;2;20;27794
2016;2;21;27462
2016;2;22;32993
2016;2;23;35136
2016;2;24;35805
2016;2;25;33763
2016;2;26;30574
2016;2;27;26701
2016;2;28;24947
2016;2;29;30059
2016;3;1;28875
2016;3;2;28916
2016;3;3;29295
2016;3;4;29387
2016;3;5;26843
2016;3;6;23949
2016;3;7;28038
2016;3;8;28919
2016;3;9;29148
2016;3;10;29975
2016;3;11;28296
2016;3;12;25101
2016;3;13;23082
2016;3;14;27040
2016;3;15;31645
2016;3;16;39090
2016;3;17;32322
2016;3;18;30342
2016;3;19;25478
2016;3;20;22988
2016;3;21;26123
2016;3;22;26310
2016;3;23;26273
2016;3;24;25167
2016;3;25;23731
2016;3;26;24117
2016;3;27;23732
2016;3;28;27313
2016;3;29;27727
2016;3;30;28057
2016;3;31;28425
2016;4;1;28234
2016;4;2;25946
2016;4;3;23616
2016;4;4;27424
2016;4;5;28420
2016;4;6;28207
2016;4;7;28537
2016;4;8;27864
2016;4;9;24368
2016;4;10;23948
2016;4;11;27442
2016;4;12;27617
2016;4;13;28682
2016;4;14;28266
2016;4;15;29395
2016;4;16;27528
2016;4;17;24966
2016;4;18;27227
2016;4;19;28348
2016;4;20;27754
2016;4;21;27664
2016;4;22;27309
2016;4;23;26515
2016;4;24;24231
2016;4;25;29304
2016;4;26;30408
2016;4;27;32320
2016;4;28;33338
2016;4;29;32897
2016;4;30;31143
2016;5;1;27245
2016;5;2;31447
2016;5;3;32632
2016;5;4;32765
2016;5;5;33172
2016;5;6;33015
2016;5;7;30691
2016;5;8;27307
2016;5;9;30182
2016;5;10;31265
2016;5;11;32194
2016;5;12;32994
2016;5;13;33493
2016;5;14;31324
2016;5;15;28506
2016;5;16;32692
2016;5;17;34873
2016;5;18;34678
2016;5;19;35381
2016;5;20;35093
2016;5;21;32149
2016;5;22;29606
2016;5;23;34179
2016;5;24;34596
2016;5;25;34702
2016;5;26;34186
2016;5;27;33739
2016;5;28;31640
2016;5;29;29186
2016;5;30;33575
2016;5;31;34279
2016;6;1;34768
2016;6;2;35549
2016;6;3;34823
2016;6;4;33349
2016;6;5;30938
2016;6;6;35484
2016;6;7;36685
2016;6;8;37281
2016;6;9;36910
2016;6;10;37656
2016;6;11;34554
2016;6;12;31927
2016;6;13;35878
2016;6;14;35605
2016;6;15;35537
2016;6;16;35729
2016;6;17;35777
2016;6;18;33237
2016;6;19;31036
2016;6;20;36397
2016;6;21;37210
2016;6;22;36375
2016;6;23;36270
2016;6;24;35347
2016;6;25;33202
2016;6;26;31953
2016;6;27;35019
2016;6;28;33813
2016;6;29;32528
2016;6;30;31801
2016;7;1;30906
2016;7;2;30518
2016;7;3;27648
2016;7;4;32864
2016;7;5;35226
2016;7;6;36011
2016;7;7;34497
2016;7;8;34023
2016;7;9;32241
2016;7;10;28884
2016;7;11;34783
2016;7;12;34504
2016;7;13;35099
2016;7;14;33287
2016;7;15;33980
2016;7;16;34635
2016;7;17;32616
2016;7;18;31924
2016;7;19;36573
2016;7;20;37448
2016;7;21;37044
2016;7;22;35976
2016;7;23;34046
2016;7;24;31704
2016;7;25;37748
2016;7;26;37518
2016;7;27;37680
2016;7;28;36659
2016;7;29;36278
2016;7;30;31791
2016;7;31;28373
2016;8;1;35057
2016;8;2;35461
2016;8;3;35367
2016;8;4;34421
2016;8;5;33126
2016;8;6;30612
2016;8;7;27981
2016;8;8;32422
2016;8;9;33481
2016;8;10;34187
2016;8;11;33467
2016;8;12;31673
2016;8;13;29145
2016;8;14;26182
2016;8;15;29996
2016;8;16;30961
2016;8;17;31129
2016;8;18;30962
2016;8;19;31072
2016;8;20;30983
2016;8;21;28771
2016;8;22;32795
2016;8;23;30981
2016;8;24;29908
2016;8;25;24670
2016;8;26;27539
2016;8;27;29072
2016;8;28;28987
2016;8;29;32307
2016;8;30;32491
2016;8;31;31427
2016;9;1;33550
2016;9;2;34869
2016;9;3;32640
2016;9;4;30733
2016;9;5;36084
2016;9;6;36200
2016;9;7;35669
2016;9;8;32632
2016;9;9;30266
2016;9;10;26744
2016;9;11;23898
2016;9;12;28251
2016;9;13;30923
2016;9;14;32940
2016;9;15;31765
2016;9;16;30822
2016;9;17;28188
2016;9;18;26363
2016;9;19;31543
2016;9;20;30451
2016;9;21;29231
2016;9;22;28257
2016;9;23;29453
2016;9;24;28765
2016;9;25;25914
2016;9;26;29205
2016;9;27;28962
2016;9;28;29003
2016;9;29;30154
2016;9;30;30027
2016;10;1;27467
2016;10;2;25753
2016;10;3;28726
2016;10;4;29003
2016;10;5;29159
2016;10;6;28445
2016;10;7;29680
2016;10;8;28816
2016;10;9;24813
2016;10;10;27288
2016;10;11;27983
2016;10;12;28540
2016;10;13;27973
2016;10;14;27691
2016;10;15;26182
2016;10;16;23789
2016;10;17;26746
2016;10;18;28396
2016;10;19;30289
2016;10;20;30244
2016;10;21;28724
2016;10;22;26014
2016;10;23;23696
2016;10;24;27417
2016;10;25;28678
2016;10;26;28548
2016;10;27;30289
2016;10;28;29004
2016;10;29;25966
2016;10;30;23493
2016;10;31;27358
2016;11;1;27963
2016;11;2;27604
2016;11;3;27602
2016;11;4;27624
2016;11;5;26265
2016;11;6;25425
2016;11;7;28970
2016;11;8;28170
2016;11;9;29093
2016;11;10;28432
2016;11;11;27433
2016;11;12;25597
2016;11;13;23648
2016;11;14;28488
2016;11;15;29888
2016;11;16;28199
2016;11;17;27950
2016;11;18;27610
2016;11;19;26094
2016;11;20;23619
2016;11;21;27425
2016;11;22;27782
2016;11;23;28500
2016;11;24;29558
2016;11;25;30489
2016;11;26;29070
2016;11;27;24972
2016;11;28;28509
2016;11;29;29222
2016;11;30;29203
2016;12;1;30269
2016;12;2;32287
2016;12;3;29717
2016;12;4;26765
2016;12;5;32311
2016;12;6;31127
2016;12;7;30426
2016;12;8;30103
2016;12;9;29006
2016;12;10;28539
2016;12;11;27062
2016;12;12;32537
2016;12;13;30710
2016;12;14;29065
2016;12;15;29776
2016;12;16;31353
2016;12;17;31063
2016;12;18;29031
2016;12;19;30132
2016;12;20;31010
2016;12;21;33269
2016;12;22;34501
2016;12;23;31459
2016;12;24;29010
2016;12;25;24663
2016;12;26;28697
2016;12;27;28916
2016;12;28;29878
2016;12;29;32537
2016;12;30;33321
2016;12;31;32188
2017;1;1;28646
2017;1;2;31321
2017;1;3;29657
2017;1;4;29365
2017;1;5;29730
2017;1;6;27674
2017;1;7;29527
2017;1;8;29070
2017;1;9;32746
2017;1;10;30029
2017;1;11;30481
2017;1;12;32400
2017;1;13;32677
2017;1;14;27986
2017;1;15;26193
2017;1;16;30351
2017;1;17;31918
2017;1;18;32060
2017;1;19;32857
2017;1;20;33437
2017;1;21;31682
2017;1;22;29480
2017;1;23;33712
2017;1;24;34938
2017;1;25;30904
2017;1;26;29174
2017;1;27;29259
2017;1;28;28048
2017;1;29;27980
2017;1;30;36440
2017;1;31;36326
2017;2;1;33982
2017;2;2;31867
2017;2;3;32831
2017;2;4;30576
2017;2;5;25335
2017;2;6;27614
2017;2;7;28798
2017;2;8;29874
2017;2;9;31300
2017;2;10;31905
2017;2;11;29086
2017;2;12;26816
2017;2;13;30298
2017;2;14;31377
2017;2;15;32329
2017;2;16;33574
2017;2;17;33648
2017;2;18;30275
2017;2;19;28129
2017;2;20;34930
2017;2;21;35924
2017;2;22;35397
2017;2;23;35286
2017;2;24;36619
2017;2;25;33934
2017;2;26;31151
2017;2;27;33999
2017;2;28;34327
2017;3;1;35953
2017;3;2;36324
2017;3;3;31883
2017;3;4;26636
2017;3;5;24035
2017;3;6;29107
2017;3;7;29338
2017;3;8;30337
2017;3;9;29585
2017;3;10;27770
2017;3;11;24974
2017;3;12;23096
2017;3;13;26635
2017;3;14;27986
2017;3;15;28313
2017;3;16;26985
2017;3;17;26627
2017;3;18;24944
2017;3;19;23193
2017;3;20;27137
2017;3;21;28190
2017;3;22;28536
2017;3;23;28925
2017;3;24;29086
2017;3;25;27253
2017;3;26;25376
2017;3;27;29539
2017;3;28;29840
2017;3;29;29627
2017;3;30;29621
2017;3;31;28989
2017;4;1;27037
2017;4;2;24899
2017;4;3;28668
2017;4;4;29241
2017;4;5;29060
2017;4;6;27900
2017;4;7;28266
2017;4;8;26852
2017;4;9;24798
2017;4;10;27408
2017;4;11;26246
2017;4;12;26132
2017;4;13;25103
2017;4;14;23705
2017;4;15;24288
2017;4;16;23327
2017;4;17;26748
2017;4;18;27722
2017;4;19;27973
2017;4;20;28478
2017;4;21;27270
2017;4;22;25992
2017;4;23;24336
2017;4;24;27142
2017;4;25;28788
2017;4;26;29423
2017;4;27;29189
2017;4;28;28952
2017;4;29;26124
2017;4;30;23775
2017;5;1;22422
2017;5;2;27313
2017;5;3;28191
2017;5;4;28315
2017;5;5;28290
2017;5;6;26097
2017;5;7;24277
2017;5;8;28531
2017;5;9;28817
2017;5;10;29178
2017;5;11;30752
2017;5;12;30968
2017;5;13;28053
2017;5;14;25455
2017;5;15;29577
2017;5;16;30230
2017;5;17;30683
2017;5;18;30305
2017;5;19;29777
2017;5;20;28409
2017;5;21;28440
2017;5;22;29373
2017;5;23;30177
2017;5;24;30693
2017;5;25;30356
2017;5;26;30374
2017;5;27;31038
2017;5;28;29065
2017;5;29;32007
2017;5;30;32802
2017;5;31;33566
2017;6;1;32385
2017;6;2;33027
2017;6;3;30661
2017;6;4;28781
2017;6;5;33600
2017;6;6;34301
2017;6;7;35239
2017;6;8;34670
2017;6;9;34511
2017;6;10;31251
2017;6;11;28924
2017;6;12;33955
2017;6;13;34041
2017;6;14;31377
2017;6;15;30841
2017;6;16;30260
2017;6;17;27639
2017;6;18;28666
2017;6;19;32441
2017;6;20;35269
2017;6;21;35522
2017;6;22;31933
2017;6;23;29479
2017;6;24;26863
2017;6;25;24279
2017;6;26;27697
2017;6;27;28306
2017;6;28;30354
2017;6;29;31866
2017;6;30;32411
2017;7;1;29420
2017;7;2;28205
2017;7;3;30912
2017;7;4;31595
2017;7;5;30781
2017;7;6;32471
2017;7;7;32984
2017;7;8;30006
2017;7;9;28194
2017;7;10;33456
2017;7;11;33787
2017;7;12;33599
2017;7;13;30262
2017;7;14;30729
2017;7;15;28900
2017;7;16;29598
2017;7;17;36428
2017;7;18;33370
2017;7;19;36369
2017;7;20;33914
2017;7;21;34563
2017;7;22;32351
2017;7;23;29887
2017;7;24;33405
2017;7;25;34760
2017;7;26;32979
2017;7;27;30311
2017;7;28;29270
2017;7;29;26387
2017;7;30;27101
2017;7;31;33157
2017;8;1;33156
2017;8;2;32919
2017;8;3;32971
2017;8;4;32393
2017;8;5;30464
2017;8;6;26512
2017;8;7;29683
2017;8;8;32387
2017;8;9;31966
2017;8;10;31549
2017;8;11;31454
2017;8;12;29118
2017;8;13;27501
2017;8;14;31760
2017;8;15;31288
2017;8;16;31278
2017;8;17;31832
2017;8;18;29918
2017;8;19;29883
2017;8;20;27665
2017;8;21;33032
2017;8;22;33159
2017;8;23;31121
2017;8;24;30394
2017;8;25;25608
2017;8;26;26049
2017;8;27;26240
2017;8;28;29315
2017;8;29;30021
2017;8;30;31362
2017;8;31;31547
2017;9;1;29729
2017;9;2;27220
2017;9;3;25321
2017;9;4;30737
2017;9;5;30783
2017;9;6;30879
2017;9;7;31516
2017;9;8;31539
2017;9;9;29438
2017;9;10;27369
2017;9;11;31341
2017;9;12;30748
2017;9;13;31464
2017;9;14;29877
2017;9;15;30110
2017;9;16;28216
2017;9;17;25139
2017;9;18;28381
2017;9;19;28612
2017;9;20;28611
2017;9;21;30227
2017;9;22;30820
2017;9;23;27638
2017;9;24;24938
2017;9;25;28115
2017;9;26;30469
2017;9;27;31170
2017;9;28;29612
2017;9;29;28999
2017;9;30;27031
2017;10;1;25607
2017;10;2;29131
2017;10;3;29468
2017;10;4;28450
2017;10;5;27824
2017;10;6;27575
2017;10;7;25742
2017;10;8;23939
2017;10;9;27597
2017;10;10;28794
2017;10;11;28952
2017;10;12;30300
2017;10;13;29550
2017;10;14;27098
2017;10;15;24366
2017;10;16;26459
2017;10;17;28354
2017;10;18;28781
2017;10;19;27186
2017;10;20;28184
2017;10;21;26471
2017;10;22;24467
2017;10;23;28253
2017;10;24;28413
2017;10;25;28488
2017;10;26;28694
2017;10;27;28880
2017;10;28;26363
2017;10;29;24101
2017;10;30;27398
2017;10;31;27774
2017;11;1;27661
2017;11;2;25778
2017;11;3;26870
2017;11;4;25128
2017;11;5;22939
2017;11;6;26680
2017;11;7;27403
2017;11;8;28405
2017;11;9;28640
2017;11;10;29024
2017;11;11;26209
2017;11;12;23643
2017;11;13;28203
2017;11;14;30396
2017;11;15;32065
2017;11;16;28098
2017;11;17;28545
2017;11;18;26387
2017;11;19;24816
2017;11;20;28511
2017;11;21;28367
2017;11;22;28717
2017;11;23;29638
2017;11;24;28395
2017;11;25;26231
2017;11;26;24128
2017;11;27;28514
2017;11;28;28722
2017;11;29;28978
2017;11;30;29190
2017;12;1;29645
2017;12;2;27432
2017;12;3;25229
2017;12;4;28083
2017;12;5;29214
2017;12;6;30718
2017;12;7;30927
2017;12;8;31595
2017;12;9;30632
2017;12;10;27744
2017;12;11;29530
2017;12;12;30717
2017;12;13;32565
2017;12;14;33111
2017;12;15;35076
2017;12;16;33216
2017;12;17;26068
2017;12;18;28159
2017;12;19;28997
2017;12;20;30528
2017;12;21;33869
2017;12;22;36210
2017;12;23;29577
2017;12;24;25551
2017;12;25;24004
2017;12;26;32681
2017;12;27;34522
2017;12;28;34530
2017;12;29;35909
2017;12;30;34930
2017;12;31;29901
2018;1;1;24379
2018;1;2;29393
2018;1;3;31524
2018;1;4;35790
2018;1;5;34573
2018;1;6;28208
2018;1;7;26353
2018;1;8;32837
2018;1;9;33937
2018;1;10;36058
2018;1;11;38338
2018;1;12;37287
2018;1;13;33068
2018;1;14;28336
2018;1;15;30103
2018;1;16;31691
2018;1;17;32577
2018;1;18;31610
2018;1;19;33222
2018;1;20;31067
2018;1;21;30031
2018;1;22;34201
2018;1;23;35621
2018;1;24;31938
2018;1;25;30395
2018;1;26;31350
2018;1;27;29652
2018;1;28;27969
2018;1;29;30728
2018;1;30;32688
2018;1;31;34615
2018;2;1;35564
2018;2;2;34640
2018;2;3;30946
2018;2;4;28824
2018;2;5;34367
2018;2;6;35996
2018;2;7;37320
2018;2;8;38078
2018;2;9;34254
2018;2;10;29474
2018;2;11;25608
2018;2;12;26455
2018;2;13;27309
2018;2;14;30052
2018;2;15;31575
2018;2;16;32843
2018;2;17;30925
2018;2;18;30783
2018;2;19;35280
2018;2;20;33820
2018;2;21;31451
2018;2;22;30226
2018;2;23;29988
2018;2;24;28444
2018;2;25;26440
2018;2;26;30420
2018;2;27;31554
2018;2;28;31500
2018;3;1;32817
2018;3;2;33439
2018;3;3;30730
2018;3;4;28684
2018;3;5;32148
2018;3;6;29984
2018;3;7;28357
2018;3;8;28913
2018;3;9;25305
2018;3;10;30003
2018;3;11;26061
2018;3;12;28216
2018;3;13;29321
2018;3;14;29884
2018;3;15;28630
2018;3;16;28476
2018;3;17;27862
2018;3;18;26226
2018;3;19;27649
2018;3;20;24994
2018;3;21;22618
2018;3;22;19136
2018;3;23;29444
2018;3;24;26960
2018;3;25;23689
2018;3;26;26213
2018;3;27;27057
2018;3;28;27486
2018;3;29;27340
2018;3;30;26242
2018;3;31;26549
2018;4;1;25167
2018;4;2;28421
2018;4;3;28833
2018;4;4;28900
2018;4;5;29447
2018;4;6;29222
2018;4;7;26897
2018;4;8;24666
2018;4;9;29332
2018;4;10;31515
2018;4;11;34059
2018;4;12;29536
2018;4;13;27483
2018;4;14;26476
2018;4;15;24656
2018;4;16;28454
2018;4;17;29428
2018;4;18;30615
2018;4;19;30796
2018;4;20;30066
2018;4;21;27535
2018;4;22;25531
2018;4;23;28075
2018;4;24;28563
2018;4;25;29444
2018;4;26;29963
2018;4;27;30981
2018;4;28;27862
2018;4;29;25829
2018;4;30;27442
2018;5;1;23654
2018;5;2;28329
2018;5;3;28432
2018;5;4;28481
2018;5;5;26705
2018;5;6;24803
2018;5;7;28617
2018;5;8;28846
2018;5;9;29024
2018;5;10;29182
2018;5;11;28838
2018;5;12;26818
2018;5;13;24784
2018;5;14;29063
2018;5;15;29492
2018;5;16;30489
2018;5;17;32640
2018;5;18;32436
2018;5;19;31348
2018;5;20;27790
2018;5;21;31278
2018;5;22;33091
2018;5;23;33909
2018;5;24;33673
2018;5;25;32861
2018;5;26;30298
2018;5;27;26921
2018;5;28;29566
2018;5;29;29422
2018;5;30;30213
2018;5;31;33649
2018;6;1;35360
2018;6;2;33121
2018;6;3;30300
2018;6;4;34640
2018;6;5;35907
2018;6;6;36394
2018;6;7;38000
2018;6;8;36968
2018;6;9;32768
2018;6;10;29465
2018;6;11;34181
2018;6;12;35259
2018;6;13;38540
2018;6;14;38059
2018;6;15;37898
2018;6;16;35185
2018;6;17;32769
2018;6;18;36426
2018;6;19;35508
2018;6;20;33879
2018;6;21;34055
2018;6;22;35481
2018;6;23;33237
2018;6;24;32563
2018;6;25;37813
2018;6;26;37957
2018;6;27;36452
2018;6;28;35099
2018;6;29;34528
2018;6;30;32592
2018;7;1;29549
2018;7;2;35069
2018;7;3;37699
2018;7;4;37400
2018;7;5;38121
2018;7;6;37317
2018;7;7;34605
2018;7;8;32659
2018;7;9;37650
2018;7;10;37256
2018;7;11;37420
2018;7;12;36680
2018;7;13;35513
2018;7;14;32398
2018;7;15;29460
2018;7;16;35990
2018;7;17;36433
2018;7;18;30929
2018;7;19;34160
2018;7;20;37673
2018;7;21;36105
2018;7;22;34141
2018;7;23;38566
2018;7;24;39656
2018;7;25;40449
2018;7;26;38325
2018;7;27;36342
2018;7;28;34465
2018;7;29;34516
2018;7;30;35809
2018;7;31;37355
2018;8;1;38221
2018;8;2;38186
2018;8;3;36507
2018;8;4;34115
2018;8;5;31247
2018;8;6;34132
2018;8;7;34102
2018;8;8;35219
2018;8;9;37329
2018;8;10;37958
2018;8;11;32885
2018;8;12;29542
2018;8;13;32333
2018;8;14;32898
2018;8;15;33789
2018;8;16;34329
2018;8;17;32392
2018;8;18;28765
2018;8;19;31347
2018;8;20;37617
2018;8;21;35557
2018;8;22;33443
2018;8;23;34961
2018;8;24;36951
2018;8;25;32829
2018;8;26;31346
2018;8;27;33132
2018;8;28;32322
2018;8;29;30945
2018;8;30;33314
2018;8;31;37924
2018;9;1;34089
2018;9;2;29604
2018;9;3;31530
2018;9;4;30972
2018;9;5;30290
2018;9;6;28887
2018;9;7;28321
2018;9;8;27407
2018;9;9;26040
2018;9;10;30529
2018;9;11;30666
2018;9;12;30953
2018;9;13;30193
2018;9;14;31089
2018;9;15;28038
2018;9;16;25459
2018;9;17;28798
2018;9;18;29247
2018;9;19;28738
2018;9;20;28496
2018;9;21;28703
2018;9;22;27153
2018;9;23;24476
2018;9;24;28424
2018;9;25;29071
2018;9;26;28680
2018;9;27;29207
2018;9;28;29595
2018;9;29;27996
2018;9;30;25624
2018;10;1;30842
2018;10;2;30305
2018;10;3;29444
2018;10;4;29320
2018;10;5;29205
2018;10;6;27242
2018;10;7;24190
2018;10;8;28716
2018;10;9;28248
2018;10;10;28024
2018;10;11;29504
2018;10;12;31188
2018;10;13;27298
2018;10;14;24583
2018;10;15;26854
2018;10;16;27705
2018;10;17;29176
2018;10;18;28180
2018;10;19;27463
2018;10;20;25544
2018;10;21;23632
2018;10;22;27477
2018;10;23;27887
2018;10;24;28796
2018;10;25;28234
2018;10;26;27786
2018;10;27;25393
2018;10;28;23385
2018;10;29;27474
2018;10;30;28284
2018;10;31;27855
2018;11;1;27470
2018;11;2;26395
2018;11;3;26524
2018;11;4;23967
2018;11;5;27748
2018;11;6;29043
2018;11;7;28461
2018;11;8;28970
2018;11;9;31295
2018;11;10;28795
2018;11;11;26136
2018;11;12;30236
2018;11;13;30084
2018;11;14;28975
2018;11;15;29425
2018;11;16;28385
2018;11;17;26808
2018;11;18;23931
2018;11;19;28337
2018;11;20;29654
2018;11;21;31748
2018;11;22;33018
2018;11;23;29411
2018;11;24;26886
2018;11;25;24662
2018;11;26;29102
2018;11;27;29403
2018;11;28;29081
2018;11;29;28797
2018;11;30;29129
2018;12;1;26156
2018;12;2;23781
2018;12;3;27541
2018;12;4;28593
2018;12;5;28798
2018;12;6;28444
2018;12;7;27944
2018;12;8;26439
2018;12;9;25739
2018;12;10;30891
2018;12;11;30723
2018;12;12;30079
2018;12;13;29582
2018;12;14;28046
2018;12;15;26370
2018;12;16;26306
2018;12;17;29475
2018;12;18;28057
2018;12;19;28810
2018;12;20;30127
2018;12;21;30376
2018;12;22;28235
2018;12;23;26582
2018;12;24;29110
2018;12;25;25875
2018;12;26;32913
2018;12;27;35545
2018;12;28;35100
2018;12;29;31696
2018;12;30;27572
2018;12;31;28132
2019;1;1;27490
2019;1;2;33170
2019;1;3;28138
2019;1;4;28199
2019;1;5;28461
2019;1;6;28840
2019;1;7;29639
2019;1;8;31708
2019;1;9;31836
2019;1;10;28267
2019;1;11;27656
2019;1;12;27309
2019;1;13;26235
2019;1;14;30347
2019;1;15;30189
2019;1;16;30950
2019;1;17;29460
2019;1;18;28396
2019;1;19;25741
2019;1;20;24702
2019;1;21;30187
2019;1;22;33688
2019;1;23;32695
2019;1;24;32879
2019;1;25;33305
2019;1;26;33475
2019;1;27;32358
2019;1;28;39523
2019;1;29;41642
2019;1;30;36602
2019;1;31;34440
2019;2;1;35791
2019;2;2;30165
2019;2;3;25702
2019;2;4;29312
2019;2;5;30360
2019;2;6;31935
2019;2;7;34426
2019;2;8;36576
2019;2;9;33935
2019;2;10;33218
2019;2;11;32909
2019;2;12;28577
2019;2;13;28497
2019;2;14;29124
2019;2;15;29811
2019;2;16;28469
2019;2;17;27852
2019;2;18;33622
2019;2;19;36740
2019;2;20;39851
2019;2;21;40281
2019;2;22;38671
2019;2;23;31967
2019;2;24;25934
2019;2;25;27890
2019;2;26;27680
2019;2;27;27907
2019;2;28;28689
2019;3;1;29975
2019;3;2;27284
2019;3;3;25344
2019;3;4;27577
2019;3;5;28564
2019;3;6;32945
2019;3;7;35632
2019;3;8;29169
2019;3;9;26017
2019;3;10;24081
2019;3;11;28165
2019;3;12;28858
2019;3;13;28398
2019;3;14;28186
2019;3;15;28855
2019;3;16;27264
2019;3;17;25415
2019;3;18;29405
2019;3;19;28211
2019;3;20;27366
2019;3;21;27224
2019;3;22;27497
2019;3;23;25654
2019;3;24;24622
2019;3;25;27425
2019;3;26;27930
2019;3;27;28105
2019;3;28;28560
2019;3;29;28808
2019;3;30;27341
2019;3;31;25251
2019;4;1;29097
2019;4;2;31027
2019;4;3;29554
2019;4;4;30005
2019;4;5;28639
2019;4;6;25670
2019;4;7;23831
2019;4;8;27464
2019;4;9;28592
2019;4;10;28930
2019;4;11;28775
2019;4;12;27813
2019;4;13;26090
2019;4;14;24071
2019;4;15;26980
2019;4;16;26953
2019;4;17;26828
2019;4;18;25878
2019;4;19;24344
2019;4;20;24454
2019;4;21;23454
2019;4;22;26809
2019;4;23;28405
2019;4;24;28601
2019;4;25;29475
2019;4;26;29675
2019;4;27;27013
2019;4;28;24662
2019;4;29;27807
2019;4;30;28337
2019;5;1;24613
2019;5;2;28656
2019;5;3;28674
2019;5;4;27255
2019;5;5;24907
2019;5;6;28584
2019;5;7;29693
2019;5;8;29938
2019;5;9;30409
2019;5;10;29331
2019;5;11;27861
2019;5;12;25540
2019;5;13;29275
2019;5;14;30225
2019;5;15;30036
2019;5;16;30139
2019;5;17;29175
2019;5;18;27085
2019;5;19;25203
2019;5;20;30161
2019;5;21;31586
2019;5;22;30846
2019;5;23;30894
2019;5;24;31465
2019;5;25;29213
2019;5;26;27508
2019;5;27;30714
2019;5;28;30907
2019;5;29;32260
2019;5;30;34024
2019;5;31;32275
2019;6;1;29731
2019;6;2;27520
2019;6;3;31493
2019;6;4;32979
2019;6;5;33268
2019;6;6;32018
2019;6;7;31203
2019;6;8;30187
2019;6;9;28073
2019;6;10;30995
2019;6;11;31756
2019;6;12;30905
2019;6;13;31165
2019;6;14;30837
2019;6;15;30954
2019;6;16;24482
2019;6;17;30828
2019;6;18;31995
2019;6;19;32545
2019;6;20;32709
2019;6;21;32858
2019;6;22;28759
2019;6;23;26177
2019;6;24;29968
2019;6;25;31990
2019;6;26;34950
2019;6;27;35485
2019;6;28;35208
2019;6;29;31564
2019;6;30;30124
2019;7;1;35279
2019;7;2;37607
2019;7;3;38044
2019;7;4;38723
2019;7;5;39607
2019;7;6;36084
2019;7;7;34237
2019;7;8;37678
2019;7;9;36767
2019;7;10;34872
2019;7;11;33581
2019;7;12;33654
2019;7;13;32494
2019;7;14;30774
2019;7;15;35824
2019;7;16;36830
2019;7;17;36247
2019;7;18;31225
2019;7;19;32076
2019;7;20;29695
2019;7;21;26021
2019;7;22;31957
2019;7;23;36008
2019;7;24;36661
2019;7;25;38258
2019;7;26;37221
2019;7;27;32933
2019;7;28;31569
2019;7;29;35510
2019;7;30;34941
2019;7;31;33845
2019;8;1;33744
2019;8;2;37104
2019;8;3;33658
2019;8;4;31003
2019;8;5;35173
2019;8;6;33547
2019;8;7;33081
2019;8;8;36448
2019;8;9;37773
2019;8;10;32677
2019;8;11;29616
2019;8;12;34392
2019;8;13;38667
2019;8;14;37465
2019;8;15;36582
2019;8;16;32822
2019;8;17;31664
2019;8;18;31708
2019;8;19;37913
2019;8;20;38724
2019;8;21;37283
2019;8;22;37312
2019;8;23;35419
2019;8;24;31935
2019;8;25;28081
2019;8;26;30896
2019;8;27;30019
2019;8;28;29327
2019;8;29;29606
2019;8;30;32498
2019;8;31;29885
2019;9;1;29184
2019;9;2;34058
2019;9;3;35756
2019;9;4;36688
2019;9;5;36527
2019;9;6;35333
2019;9;7;30138
2019;9;8;28819
2019;9;9;34737
2019;9;10;33939
2019;9;11;35026
2019;9;12;33086
2019;9;13;32360
2019;9;14;28987
2019;9;15;25202
2019;9;16;29151
2019;9;17;29664
2019;9;18;29259
2019;9;19;29166
2019;9;20;29543
2019;9;21;27454
2019;9;22;25575
2019;9;23;29327
2019;9;24;28508
2019;9;25;27883
2019;9;26;27640
2019;9;27;28275
2019;9;28;26186
2019;9;29;23982
2019;9;30;27411
2019;10;1;30690
2019;10;2;31737
2019;10;3;31998
2019;10;4;32244
2019;10;5;28507
2019;10;6;25618
2019;10;7;27965
2019;10;8;27702
2019;10;9;27640
2019;10;10;27985
2019;10;11;28355
2019;10;12;27026
2019;10;13;25311
2019;10;14;31996
2019;10;15;33052
2019;10;16;31616
2019;10;17;31229
2019;10;18;28955
2019;10;19;25996
2019;10;20;25473
2019;10;21;29097
2019;10;22;28819
2019;10;23;28080
2019;10;24;27534
2019;10;25;27207
2019;10;26;25185
2019;10;27;23050
2019;10;28;27499
2019;10;29;27734
2019;10;30;28166
2019;10;31;27483
2019;11;1;27808
2019;11;2;24412
2019;11;3;23469
2019;11;4;27303
2019;11;5;27727
2019;11;6;27548
2019;11;7;28257
2019;11;8;27981
2019;11;9;26195
2019;11;10;24168
2019;11;11;27839
2019;11;12;28684
2019;11;13;30696
2019;11;14;30503
2019;11;15;28836
2019;11;16;26855
2019;11;17;26471
2019;11;18;31600
2019;11;19;32343
2019;11;20;34069
2019;11;21;35085
2019;11;22;30596
2019;11;23;26328
2019;11;24;24701
2019;11;25;28384
2019;11;26;28392
2019;11;27;28489
2019;11;28;29920
2019;11;29;30913
2019;11;30;28625
2019;12;1;24862
2019;12;2;28027
2019;12;3;29060
2019;12;4;29525
2019;12;5;28707
2019;12;6;29447
2019;12;7;26922
2019;12;8;26086
2019;12;9;32681
2019;12;10;36099
2019;12;11;37824
2019;12;12;32883
2019;12;13;29467
2019;12;14;28238
2019;12;15;25524
2019;12;16;28549
2019;12;17;29868
2019;12;18;31786
2019;12;19;33451
2019;12;20;33037
2019;12;21;27252
2019;12;22;24534
2019;12;23;28338
2019;12;24;29725
2019;12;25;25212
2019;12;26;29713
2019;12;27;33818
2019;12;28;33993
2019;12;29;32799
2019;12;30;35039
2019;12;31;31297
2020;1;1;24754
2020;1;2;28721
2020;1;3;29830
2020;1;4;28463
2020;1;5;28262
2020;1;6;28994
2020;1;7;30106
2020;1;8;32451
2020;1;9;32227
2020;1;10;32225
2020;1;11;30379
2020;1;12;28659
2020;1;13;31619
2020;1;14;33676
2020;1;15;32756
2020;1;16;28465
2020;1;17;28319
2020;1;18;27483
2020;1;19;28965
2020;1;20;35610
2020;1;21;34516
2020;1;22;34281
2020;1;23;33872
2020;1;24;34311
2020;1;25;32759
2020;1;26;30011
2020;1;27;31149
2020;1;28;30904
2020;1;29;32738
2020;1;30;29754
2020;1;31;29343
2020;2;1;29077
2020;2;2;29901
2020;2;3;36174
2020;2;4;38243
2020;2;5;39181
2020;2;6;40464
2020;2;7;39644
2020;2;8;31274
2020;2;9;25945
2020;2;10;28984
2020;2;11;30168
2020;2;12;31296
2020;2;13;33482
2020;2;14;33647
2020;2;15;30821
2020;2;16;32171
2020;2;17;35932
2020;2;18;31778
2020;2;19;31297
2020;2;20;29343
2020;2;21;28238
2020;2;22;25845
2020;2;23;24513
2020;2;24;28137
2020;2;25;28285
2020;2;26;28664
2020;2;27;29278
2020;2;28;30400
2020;2;29;29230
2020;3;1;28844
2020;3;2;33606
2020;3;3;33424
2020;3;4;33153
2020;3;5;32314
2020;3;6;31781
2020;3;7;29646
2020;3;8;29365
2020;3;9;32825
2020;3;10;31407
2020;3;11;30872
2020;3;12;31938
2020;3;13;33163
2020;3;14;29266
2020;3;15;24921
2020;3;16;27501
2020;3;17;28360
2020;3;18;28036
2020;3;19;27540
2020;3;20;27105
2020;3;21;25658
2020;3;22;24646
2020;3;23;27892
2020;3;24;29899
2020;3;25;29743
2020;3;26;29511
2020;3;27;29151
2020;3;28;27298
2020;3;29;25586
2020;3;30;28622
2020;3;31;27514
2020;4;1;27289
2020;4;2;26189
2020;4;3;25804
2020;4;4;24209
2020;4;5;23055
2020;4;6;24987
2020;4;7;25204
2020;4;8;25150
2020;4;9;24646
2020;4;10;23220
2020;4;11;22834
2020;4;12;22079
2020;4;13;25692
2020;4;14;27517
2020;4;15;27949
2020;4;16;27065
2020;4;17;26183
2020;4;18;24162
2020;4;19;23140
2020;4;20;25406
2020;4;21;25899
2020;4;22;26477
2020;4;23;26964
2020;4;24;27476
2020;4;25;25691
2020;4;26;24293
2020;4;27;27408
2020;4;28;27813
2020;4;29;27524
2020;4;30;27015
2020;5;1;23614
2020;5;2;24658
2020;5;3;23890
2020;5;4;26461
2020;5;5;29258
2020;5;6;30989
2020;5;7;29941
2020;5;8;29893
2020;5;9;27607
2020;5;10;25351
2020;5;11;27409
2020;5;12;29251
2020;5;13;29300
2020;5;14;30166
2020;5;15;31236
2020;5;16;27540
2020;5;17;24678
2020;5;18;26582
2020;5;19;27685
2020;5;20;27625
2020;5;21;28174
2020;5;22;30368
2020;5;23;28766
2020;5;24;26930
2020;5;25;31889
2020;5;26;32395
2020;5;27;31401
2020;5;28;30193
2020;5;29;29624
2020;5;30;27679
2020;5;31;29659
2020;6;1;33026
2020;6;2;32733
2020;6;3;33507
2020;6;4;33033
2020;6;5;33242
2020;6;6;30419
2020;6;7;27708
2020;6;8;31504
2020;6;9;32112
2020;6;10;32291
2020;6;11;33352
2020;6;12;31223
2020;6;13;32209
2020;6;14;30880
2020;6;15;35695
2020;6;16;31639
2020;6;17;29655
2020;6;18;30362
2020;6;19;31389
2020;6;20;29425
2020;6;21;29151
2020;6;22;32198
2020;6;23;32402
2020;6;24;33683
2020;6;25;34909
2020;6;26;35334
2020;6;27;33966
2020;6;28;31668
2020;6;29;36245
2020;6;30;37068
2020;7;1;38165
2020;7;2;37982
2020;7;3;37378
2020;7;4;33933
2020;7;5;31254
2020;7;6;36489
2020;7;7;38077
2020;7;8;38113
2020;7;9;37468
2020;7;10;37851
2020;7;11;33957
2020;7;12;32754
2020;7;13;38256
2020;7;14;39316
2020;7;15;39105
2020;7;16;39365
2020;7;17;36772
2020;7;18;29453
2020;7;19;26757
2020;7;20;29051
2020;7;21;30092
2020;7;22;31664
2020;7;23;32737
2020;7;24;35681
2020;7;25;34178
2020;7;26;31528
2020;7;27;35005
2020;7;28;36754
2020;7;29;36878
2020;7;30;37009
2020;7;31;36249
2020;8;1;31890
2020;8;2;28044
2020;8;3;30200
2020;8;4;28953
2020;8;5;28660
2020;8;6;29556
2020;8;7;33970
2020;8;8;29692
2020;8;9;27509
2020;8;10;30371
2020;8;11;33513
2020;8;12;35166
2020;8;13;34839
2020;8;14;33248
2020;8;15;30588
2020;8;16;29570
2020;8;17;32777
2020;8;18;32248
2020;8;19;35536
2020;8;20;36933
2020;8;21;35931
2020;8;22;31785
2020;8;23;28787
2020;8;24;29557
2020;8;25;27155
2020;8;26;30924
2020;8;27;31104
2020;8;28;30867
2020;8;29;29679
2020;8;30;29288
2020;8;31;35062
2020;9;1;38160
2020;9;2;38712
2020;9;3;36863
2020;9;4;34330
2020;9;5;31463
2020;9;6;29797
2020;9;7;32910
2020;9;8;31879
2020;9;9;30572
2020;9;10;29548
2020;9;11;29462
2020;9;12;28071
2020;9;13;26719
2020;9;14;30967
2020;9;15;32072
2020;9;16;30526
2020;9;17;28411
2020;9;18;28685
2020;9;19;28597
2020;9;20;27292
2020;9;21;31485
2020;9;22;31675
2020;9;23;30330
2020;9;24;29728
2020;9;25;30283
2020;9;26;29241
2020;9;27;26945
2020;9;28;30696
2020;9;29;29106
2020;9;30;28151
2020;10;1;28062
2020;10;2;30599
2020;10;3;30436
2020;10;4;28409
2020;10;5;31148
2020;10;6;30352
2020;10;7;29156
2020;10;8;28525
2020;10;9;28754
2020;10;10;26833
2020;10;11;25190
2020;10;12;28372
2020;10;13;28620
2020;10;14;28131
2020;10;15;27880
2020;10;16;28302
2020;10;17;26694
2020;10;18;25620
2020;10;19;29723
2020;10;20;29935
2020;10;21;29971
2020;10;22;31376
2020;10;23;28776
2020;10;24;26466
2020;10;25;24572
2020;10;26;27723
2020;10;27;27646
2020;10;28;28047
2020;10;29;28395
2020;10;30;27740
2020;10;31;26077
2020;11;1;23489
2020;11;2;24953
2020;11;3;27095
2020;11;4;27461
2020;11;5;27988
2020;11;6;28142
2020;11;7;26507
2020;11;8;24455
2020;11;9;27465
2020;11;10;28148
2020;11;11;28306
2020;11;12;28359
2020;11;13;28847
2020;11;14;27090
2020;11;15;24966
2020;11;16;27869
2020;11;17;28356
2020;11;18;29175
2020;11;19;28833
2020;11;20;29029
2020;11;21;27884
2020;11;22;25554
2020;11;23;30550
2020;11;24;32958
2020;11;25;30193
2020;11;26;29120
2020;11;27;29829
2020;11;28;28547
2020;11;29;25866
2020;11;30;28282
2020;12;1;29214
2020;12;2;30349
2020;12;3;28768
2020;12;4;28089
2020;12;5;25828
2020;12;6;24358
2020;12;7;28115
2020;12;8;29445
2020;12;9;31411
2020;12;10;34234
2020;12;11;32591
2020;12;12;29083
2020;12;13;25846
2020;12;14;28175
2020;12;15;29305
2020;12;16;29583
2020;12;17;31895
2020;12;18;34239
2020;12;19;30353
2020;12;20;25431
2020;12;21;28191
2020;12;22;29714
2020;12;23;31700
2020;12;24;30970
2020;12;25;27209
2020;12;26;29275
2020;12;27;28253
2020;12;28;32983
2020;12;29;33474
2020;12;30;31582
2020;12;31;27333
2021;1;1;23999
2021;1;2;27209
2021;1;3;27147
2021;1;4;31708
2021;1;5;32335
2021;1;6;30678
2021;1;7;31156
2021;1;8;32017
2021;1;9;28139
2021;1;10;28492
2021;1;11;31071
2021;1;12;28293
2021;1;13;28707
2021;1;14;29826
2021;1;15;31454
2021;1;16;28955
2021;1;17;25446
2021;1;18;29343
2021;1;19;31998
2021;1;20;33091
2021;1;21;33755
2021;1;22;34224
2021;1;23;32831
2021;1;24;31366
2021;1;25;35842
2021;1;26;36523
2021;1;27;33513
2021;1;28;32225
2021;1;29;31934
2021;1;30;28574
2021;1;31;24902
2021;2;1;28417
2021;2;2;29204
2021;2;3;28614
2021;2;4;28132
2021;2;5;27691
2021;2;6;27440
2021;2;7;26974
2021;2;8;29890
2021;2;9;29501
2021;2;10;30093
2021;2;11;29743
2021;2;12;29130
2021;2;13;27632
2021;2;14;26470
2021;2;15;28561
2021;2;16;28351
2021;2;17;29698
2021;2;18;30378
2021;2;19;30974
2021;2;20;27458
2021;2;21;26548
2021;2;22;30844
2021;2;23;30757
2021;2;24;30676
2021;2;25;32035
2021;2;26;32534
2021;2;27;30525
2021;2;28;28618
2021;3;1;32618
2021;3;2;34377
2021;3;3;33796
2021;3;4;32610
2021;3;5;30173
2021;3;6;26856
2021;3;7;25882
2021;3;8;30241
2021;3;9;30479
2021;3;10;30457
2021;3;11;31104
2021;3;12;31588
2021;3;13;28066
2021;3;14;25658
2021;3;15;30146
2021;3;16;30522
2021;3;17;29271
2021;3;18;27747
2021;3;19;27904
2021;3;20;27077
2021;3;21;24671
2021;3;22;27665
2021;3;23;28351
2021;3;24;28708
2021;3;25;29158
2021;3;26;28391
2021;3;27;26479
2021;3;28;24286
2021;3;29;26584
2021;3;30;26775
2021;3;31;26445
2021;4;1;25626
2021;4;2;24532
2021;4;3;24612
2021;4;4;24251
2021;4;5;28123
2021;4;6;29071
2021;4;7;29537
2021;4;8;29924
2021;4;9;28801
2021;4;10;27427
2021;4;11;25850
2021;4;12;27446
2021;4;13;27773
2021;4;14;27608
2021;4;15;27934
2021;4;16;28059
2021;4;17;26237
2021;4;18;24485
2021;4;19;27207
2021;4;20;28218
2021;4;21;28716
2021;4;22;28783
2021;4;23;28394
2021;4;24;26412
2021;4;25;24386
2021;4;26;27436
2021;4;27;27802
2021;4;28;28044
2021;4;29;28012
2021;4;30;27646
2021;5;1;23556
2021;5;2;24117
2021;5;3;28339
2021;5;4;28307
2021;5;5;29240
2021;5;6;29627
2021;5;7;29864
2021;5;8;28727
2021;5;9;26288
2021;5;10;29647
2021;5;11;30932
2021;5;12;31059
2021;5;13;31707
2021;5;14;31518
2021;5;15;29886
2021;5;16;28350
2021;5;17;31038
2021;5;18;32225
2021;5;19;32995
2021;5;20;32712
2021;5;21;33362
2021;5;22;32307
2021;5;23;31449
2021;5;24;33720
2021;5;25;34147
2021;5;26;33920
2021;5;27;32720
2021;5;28;31354
2021;5;29;31734
2021;5;30;30532
2021;5;31;34596
2021;6;1;33006
2021;6;2;32951
2021;6;3;33793
2021;6;4;32790
2021;6;5;31190
2021;6;6;30237
2021;6;7;34799
2021;6;8;34136
2021;6;9;32434
2021;6;10;32447
2021;6;11;34607
2021;6;12;31686
2021;6;13;27939
2021;6;14;32728
2021;6;15;34724
2021;6;16;36522
2021;6;17;35461
2021;6;18;37078
2021;6;19;34764
2021;6;20;32001
2021;6;21;37192
2021;6;22;36895
2021;6;23;36249
2021;6;24;36019
2021;6;25;35391
2021;6;26;33949
2021;6;27;34250
2021;6;28;41423
2021;6;29;41000
2021;6;30;38654
2021;7;1;37125
2021;7;2;36860
2021;7;3;34334
2021;7;4;32095
2021;7;5;36101
2021;7;6;35491
2021;7;7;34402
2021;7;8;32083
2021;7;9;30994
2021;7;10;30688
2021;7;11;30252
2021;7;12;35032
2021;7;13;35460
2021;7;14;37401
2021;7;15;35674
2021;7;16;36376
2021;7;17;35383
2021;7;18;35555
2021;7;19;38725
2021;7;20;38915
2021;7;21;37657
2021;7;22;36133
2021;7;23;33437
2021;7;24;29852
2021;7;25;27833
2021;7;26;33710
2021;7;27;38784
2021;7;28;41069
2021;7;29;39577
2021;7;30;38167
2021;7;31;34468
2021;8;1;32170
2021;8;2;37567
2021;8;3;37270
2021;8;4;39056
2021;8;5;36909
2021;8;6;33035
2021;8;7;29083
2021;8;8;29165
2021;8;9;37887
2021;8;10;38033
2021;8;11;38001
2021;8;12;37509
2021;8;13;37088
2021;8;14;33500
2021;8;15;31029
2021;8;16;34581
2021;8;17;33314
2021;8;18;32190
2021;8;19;33971
2021;8;20;33203
2021;8;21;32456
2021;8;22;29319
2021;8;23;33457
2021;8;24;34468
2021;8;25;30715
2021;8;26;33317
2021;8;27;33311
2021;8;28;31641
2021;8;29;28032
2021;8;30;30699
2021;8;31;29766
2021;9;1;30091
2021;9;2;32186
2021;9;3;31219
2021;9;4;29778
2021;9;5;27762
2021;9;6;31268
2021;9;7;33409
2021;9;8;33782
2021;9;9;33375
2021;9;10;33306
2021;9;11;30848
2021;9;12;27680
2021;9;13;31529
2021;9;14;32150
2021;9;15;30937
2021;9;16;30230
2021;9;17;29595
2021;9;18;27943
2021;9;19;25764
2021;9;20;30109
2021;9;21;31365
2021;9;22;31398
2021;9;23;31320
2021;9;24;30303
2021;9;25;27827
2021;9;26;25052
2021;9;27;29075
2021;9;28;30137
2021;9;29;29551
2021;9;30;30078
2021;10;1;28964
2021;10;2;27226
2021;10;3;25831
2021;10;4;28716
2021;10;5;28889
2021;10;6;30127
2021;10;7;30459
2021;10;8;31319
2021;10;9;28534
2021;10;10;26070
2021;10;11;29833
2021;10;12;29986
2021;10;13;29737
2021;10;14;29254
2021;10;15;29648
2021;10;16;27745
2021;10;17;24950
2021;10;18;28433
2021;10;19;29251
2021;10;20;28865
2021;10;21;28690
2021;10;22;28872
2021;10;23;27371
2021;10;24;24818
2021;10;25;28430
2021;10;26;29592
2021;10;27;31729
2021;10;28;33031
2021;10;29;31717
2021;10;30;29743
2021;10;31;26375
2021;11;1;28989
2021;11;2;28035
2021;11;3;29361
2021;11;4;30758
2021;11;5;29512
2021;11;6;26704
2021;11;7;24643
2021;11;8;28837
2021;11;9;29388
2021;11;10;29202
2021;11;11;30125
2021;11;12;29604
2021;11;13;27919
2021;11;14;25026
2021;11;15;30065
2021;11;16;29939
2021;11;17;28431
2021;11;18;28798
2021;11;19;29621
2021;11;20;28963
2021;11;21;28672
2021;11;22;33980
2021;11;23;30320
2021;11;24;31706
2021;11;25;30094
2021;11;26;30209
2021;11;27;28866
2021;11;28;25989
2021;11;29;29181
2021;11;30;28965
2021;12;1;28947
2021;12;2;29634
2021;12;3;30176
2021;12;4;28495
2021;12;5;26398
2021;12;6;30651
2021;12;7;31119
2021;12;8;31338
2021;12;9;31719
2021;12;10;31123
2021;12;11;29607
2021;12;12;28728
2021;12;13;31876
2021;12;14;31582
2021;12;15;31608
2021;12;16;31510
2021;12;17;32041
2021;12;18;30543
2021;12;19;29138
2021;12;20;35035
2021;12;21;34053
2021;12;22;34116
2021;12;23;33838
2021;12;24;32420
2021;12;25;28007
2021;12;26;28777
2021;12;27;33579
2021;12;28;35318
2021;12;29;37254
2021;12;30;37862
2021;12;31;35590
2022;1;1;27349
2022;1;2;28979
2022;1;3;36221
2022;1;4;35573
2022;1;5;30497
2022;1;6;29709
2022;1;7;31331
2022;1;8;30701
2022;1;9;29757
2022;1;10;34943
2022;1;11;37825
2022;1;12;36812
2022;1;13;36859
2022;1;14;40549
2022;1;15;39156
2022;1;16;31792
2022;1;17;31893
2022;1;18;30755
2022;1;19;31374
2022;1;20;34143
2022;1;21;36787
2022;1;22;33711
2022;1;23;29773
2022;1;24;35170
2022;1;25;37059
2022;1;26;33859
2022;1;27;29405
2022;1;28;29268
2022;1;29;28693
2022;1;30;27887
2022;1;31;30754
2022;2;1;30617
2022;2;2;33800
2022;2;3;33907
2022;2;4;32922
2022;2;5;29561
2022;2;6;25798
2022;2;7;28541
2022;2;8;29319
2022;2;9;30585
2022;2;10;32027
2022;2;11;33621
2022;2;12;28526
2022;2;13;25086
2022;2;14;29638
2022;2;15;32518
2022;2;16;34948
2022;2;17;32533
2022;2;18;31688
2022;2;19;30314
2022;2;20;27987
2022;2;21;30371
2022;2;22;31078
2022;2;23;31545
2022;2;24;31109
2022;2;25;31515
2022;2;26;30767
2022;2;27;27811
2022;2;28;28555
2022;3;1;27413
2022;3;2;30037
2022;3;3;30155
2022;3;4;31647
2022;3;5;29840
2022;3;6;27232
2022;3;7;29429
2022;3;8;28161
2022;3;9;28723
2022;3;10;28696
2022;3;11;27934
2022;3;12;26348
2022;3;13;24499
2022;3;14;27457
2022;3;15;29343
2022;3;16;30935
2022;3;17;33046
2022;3;18;30063
2022;3;19;26391
2022;3;20;24658
2022;3;21;28194
2022;3;22;28846
2022;3;23;29768
2022;3;24;28857
2022;3;25;28973
2022;3;26;27513
2022;3;27;24864
2022;3;28;28616
2022;3;29;29941
2022;3;30;28938
2022;3;31;28835
2022;4;1;28725
2022;4;2;26901
2022;4;3;25074
2022;4;4;27570
2022;4;5;28471
2022;4;6;29043
2022;4;7;29131
2022;4;8;28832
2022;4;9;27171
2022;4;10;25044
2022;4;11;27618
2022;4;12;27248
2022;4;13;27095
2022;4;14;26778
2022;4;15;25062
2022;4;16;25233
2022;4;17;24219
2022;4;18;27539
2022;4;19;28522
2022;4;20;28832
2022;4;21;28501
2022;4;22;29152
2022;4;23;27235
2022;4;24;25373
2022;4;25;28598
2022;4;26;28856
2022;4;27;28342
2022;4;28;28464
2022;4;29;29914
2022;4;30;29250
2022;5;1;25592
2022;5;2;30626
2022;5;3;30830
2022;5;4;30967
2022;5;5;30818
2022;5;6;30196
2022;5;7;28177
2022;5;8;25608
2022;5;9;29263
2022;5;10;30448
2022;5;11;30645
2022;5;12;31375
2022;5;13;31328
2022;5;14;29249
2022;5;15;27306
2022;5;16;32870
2022;5;17;35139
2022;5;18;34781
2022;5;19;32681
2022;5;20;34006
2022;5;21;31785
2022;5;22;28966
2022;5;23;32340
2022;5;24;31916
2022;5;25;34185
2022;5;26;34450
2022;5;27;33911
2022;5;28;33296
2022;5;29;31046
2022;5;30;37425
2022;5;31;38095
2022;6;1;38860
2022;6;2;39717
2022;6;3;38806
2022;6;4;35687
2022;6;5;31577
2022;6;6;36066
2022;6;7;38008
2022;6;8;37616
2022;6;9;37296
2022;6;10;38738
2022;6;11;36794
2022;6;12;33538
2022;6;13;37662
2022;6;14;36933
2022;6;15;35978
2022;6;16;35674
2022;6;17;36693
2022;6;18;35601
2022;6;19;33335
2022;6;20;37714
2022;6;21;37682
2022;6;22;40131
2022;6;23;40077
2022;6;24;39084
2022;6;25;36803
2022;6;26;35719
2022;6;27;39900
2022;6;28;39862
2022;6;29;37584
2022;6;30;36801
2022;7;1;39148
2022;7;2;34735
2022;7;3;33920
2022;7;4;38385
2022;7;5;37005
2022;7;6;37198
2022;7;7;36195
2022;7;8;38328
2022;7;9;33342
2022;7;10;27529
2022;7;11;34948
2022;7;12;37657
2022;7;13;38229
2022;7;14;36696
2022;7;15;35547
2022;7;16;36181
2022;7;17;33407
2022;7;18;33614
2022;7;19;37490
2022;7;20;36686
2022;7;21;34821
2022;7;22;35018
2022;7;23;31963
2022;7;24;29804
2022;7;25;34576
2022;7;26;32869
2022;7;27;32717
2022;7;28;36197
2022;7;29;36116
2022;7;30;32969
2022;7;31;30601
2022;8;1;34392
2022;8;2;34574
2022;8;3;35338
2022;8;4;37953
2022;8;5;36339
2022;8;6;34351
2022;8;7;33052
2022;8;8;36295
2022;8;9;36192
2022;8;10;36626
2022;8;11;36096
2022;8;12;34337
2022;8;13;29693
2022;8;14;27269
2022;8;15;31010
2022;8;16;33447
2022;8;17;35409
2022;8;18;37502
2022;8;19;36457
2022;8;20;33701
2022;8;21;31146
2022;8;22;34833
2022;8;23;34066
2022;8;24;31621
2022;8;25;26749
2022;8;26;29597
2022;8;27;29655
2022;8;28;31642
2022;8;29;34954
2022;8;30;35071
2022;8;31;32591
2022;9;1;32971
2022;9;2;34260
2022;9;3;31955
2022;9;4;29020
2022;9;5;31641
2022;9;6;31244
2022;9;7;30185
2022;9;8;29608
2022;9;9;33661
2022;9;10;31661
2022;9;11;28884
2022;9;12;32151
2022;9;13;31862
2022;9;14;31602
2022;9;15;30023
2022;9;16;30580
2022;9;17;28159
2022;9;18;25593
2022;9;19;28679
2022;9;20;30152
2022;9;21;30675
2022;9;22;31642
2022;9;23;30734
2022;9;24;27939
2022;9;25;26163
2022;9;26;28991
2022;9;27;28936
2022;9;28;29891
2022;9;29;30652
2022;9;30;30253
2022;10;1;27512
2022;10;2;25189
2022;10;3;29120
2022;10;4;29862
2022;10;5;29744
2022;10;6;30141
2022;10;7;29031
2022;10;8;28284
2022;10;9;26909
2022;10;10;29386
2022;10;11;31293
2022;10;12;29724
2022;10;13;29856
2022;10;14;30796
2022;10;15;29280
2022;10;16;26318
2022;10;17;29485
2022;10;18;29650
2022;10;19;29356
2022;10;20;29289
2022;10;21;28964
2022;10;22;28412
2022;10;23;25570
2022;10;24;28171
2022;10;25;28397
2022;10;26;28561
2022;10;27;28422
2022;10;28;28905
2022;10;29;27159
2022;10;30;25409
2022;10;31;28913
2022;11;1;28947
2022;11;2;26982
2022;11;3;27900
2022;11;4;28208
2022;11;5;26805
2022;11;6;24703
2022;11;7;28182
2022;11;8;28532
2022;11;9;28755
2022;11;10;29193
2022;11;11;29814
2022;11;12;28190
2022;11;13;25856
2022;11;14;28575
2022;11;15;28880
2022;11;16;30914
2022;11;17;32430
2022;11;18;33358
2022;11;19;31257
2022;11;20;29856
2022;11;21;30367
2022;11;22;29339
2022;11;23;29714
2022;11;24;32409
2022;11;25;32687
2022;11;26;31748
2022;11;27;30623
2022;11;28;34994
2022;11;29;35614
2022;11;30;36004
2022;12;1;34647
2022;12;2;31251
2022;12;3;29031
2022;12;4;28502
2022;12;5;35090
2022;12;6;36862
2022;12;7;37649
2022;12;8;36449
2022;12;9;41420
2022;12;10;33717
2022;12;11;33276
2022;12;12;33214
2022;12;13;31791
2022;12;14;34012
2022;12;15;32822
2022;12;16;30985
2022;12;17;29060
2022;12;18;27602
2022;12;19;32653
2022;12;20;34203
2022;12;21;34322
2022;12;22;35389
2022;12;23;33488
2022;12;24;29475
2022;12;25;24037
2022;12;26;29120
2022;12;27;31461
2022;12;28;33082
2022;12;29;31451
2022;12;30;34037
2022;12;31;32528
