2010,1,1,8.96
2010,1,2,7.58
2010,1,3,8.84
2010,1,4,8.84
2010,1,5,9.14
2010,1,6,8.26
2010,1,7,9.29
2010,1,8,9.21
2010,1,9,8.68
2010,1,10,8.39
2010,1,11,9.21
2010,1,12,9.34
2010,1,13,9.41
2010,1,14,9.32
2010,1,15,9.17
2010,1,16,8.85
2010,1,17,8.83
2010,1,18,8.01
2010,1,19,8.76
2010,1,20,8.82
2010,1,21,8.42
2010,1,22,8.57
2010,1,23,7.7
2010,1,24,7.57
2010,1,25,7.73
2010,1,26,8.12
2010,1,27,8.04
2010,1,28,8.15
2010,1,29,8.35
2010,1,30,7.77
2010,1,31,7.38
2010,2,1,7.82
2010,2,2,7.81
2010,2,3,8.6
2010,2,4,8.02
2010,2,5,8.19
2010,2,6,8.41
2010,2,7,8.69
2010,2,8,8.49
2010,2,9,8.43
2010,2,10,7.9
2010,2,11,8.17
2010,2,12,7.62
2010,2,13,7.11
2010,2,14,7.56
2010,2,15,7.01
2010,2,16,4.52
2010,2,17,7.93
2010,2,18,8.14
2010,2,19,6.65
2010,2,20,5.64
2010,2,21,6.7
2010,2,22,6.22
2010,2,23,6.22
2010,2,24,4.98
2010,2,25,4.11
2010,2,26,6.58
2010,2,27,7.16
2010,2,28,6.72
2010,3,1,5.92
2010,3,2,6.98
2010,3,3,7.35
2010,3,4,7.29
2010,3,5,7.3
2010,3,6,7.13
2010,3,7,6.8
2010,3,8,4.65
2010,3,9,4.53
2010,3,10,7.1
2010,3,11,6.91
2010,3,12,5.61
2010,3,13,7.3
2010,3,14,7.08
2010,3,15,6.97
2010,3,16,6.69
2010,3,17,7.04
2010,3,18,6.5
2010,3,19,3.82
2010,3,20,6.23
2010,3,21,5.49
2010,3,22,5.65
2010,3,23,6.73
2010,3,24,6.57
2010,3,25,6.54
2010,3,26,6.45
2010,3,27,5
2010,3,28,5.54
2010,3,29,5.93
2010,3,30,5.86
2010,3,31,6.17
2010,4,1,4.39
2010,4,2,4.56
2010,4,3,3.05
2010,4,4,4
2010,4,5,5.99
2010,4,6,5.13
2010,4,7,5.76
2010,4,8,5.49
2010,4,9,5.79
2010,4,10,5.75
2010,4,11,4.85
2010,4,12,5.43
2010,4,13,4.04
2010,4,14,5.65
2010,4,15,5.6
2010,4,16,4.97
2010,4,17,5.5
2010,4,18,5.54
2010,4,19,5.4
2010,4,20,4.52
2010,4,21,5.24
2010,4,22,3.4
2010,4,23,4.85
2010,4,24,4.47
2010,4,25,4.2
2010,4,26,4.4
2010,4,27,5.12
2010,4,28,4.54
2010,4,29,4.7
2010,4,30,4.87
2010,5,1,4.43
2010,5,2,1.45
2010,5,3,4.47
2010,5,4,4.68
2010,5,5,4.61
2010,5,6,3.24
2010,5,7,4.56
2010,5,8,4.54
2010,5,9,4.57
2010,5,10,4.56
2010,5,11,4.55
2010,5,12,3.96
2010,5,13,4.29
2010,5,14,3.68
2010,5,15,1.06
2010,5,16,1.84
2010,5,17,4.18
2010,5,18,4.25
2010,5,19,4.14
2010,5,20,3.99
2010,5,21,3.94
2010,5,22,3.24
2010,5,23,2.88
2010,5,24,3.95
2010,5,25,4.02
2010,5,26,3.88
2010,5,27,2.13
2010,5,28,2.31
2010,5,29,2.87
2010,5,30,3.9
2010,5,31,3.84
2010,6,1,3.5
2010,6,2,3.48
2010,6,3,3.2
2010,6,4,3.88
2010,6,5,3.93
2010,6,6,3.83
2010,6,7,3.78
2010,6,8,3.68
2010,6,9,2.4
2010,6,10,2.6
2010,6,11,3.69
2010,6,12,3.68
2010,6,13,3.79
2010,6,14,3.78
2010,6,15,3.6
2010,6,16,3.63
2010,6,17,3.33
2010,6,18,2.94
2010,6,19,3.47
2010,6,20,3.47
2010,6,21,3.68
2010,6,22,3.44
2010,6,23,3.42
2010,6,24,3.67
2010,6,25,2.79
2010,6,26,3.34
2010,6,27,3.76
2010,6,28,3.78
2010,6,29,3.69
2010,6,30,3.7
2010,7,1,3.7
2010,7,2,3.82
2010,7,3,3.74
2010,7,4,3.85
2010,7,5,2.73
2010,7,6,3.71
2010,7,7,3.87
2010,7,8,3.31
2010,7,9,3.81
2010,7,10,3.78
2010,7,11,3.78
2010,7,12,3.92
2010,7,13,3.98
2010,7,14,3.9
2010,7,15,1.8
2010,7,16,2.49
2010,7,17,2.94
2010,7,18,3.82
2010,7,19,3.95
2010,7,20,4.1
2010,7,21,4.04
2010,7,22,4.26
2010,7,23,3.95
2010,7,24,4.25
2010,7,25,4.27
2010,7,26,4.34
2010,7,27,4.23
2010,7,28,4.35
2010,7,29,4.31
2010,7,30,3.66
2010,7,31,4.41
2010,8,1,4.4
2010,8,2,4.14
2010,8,3,1.18
2010,8,4,1.38
2010,8,5,3.85
2010,8,6,4.57
2010,8,7,4.32
2010,8,8,4.57
2010,8,9,4.6
2010,8,10,4.57
2010,8,11,3.63
2010,8,12,3.77
2010,8,13,1.76
2010,8,14,4.71
2010,8,15,4.98
2010,8,16,5.17
2010,8,17,5.07
2010,8,18,5.18
2010,8,19,5.17
2010,8,20,5.25
2010,8,21,5.28
2010,8,22,5.44
2010,8,23,4.94
2010,8,24,5.36
2010,8,25,5.63
2010,8,26,5.72
2010,8,27,5.68
2010,8,28,5.59
2010,8,29,5.07
2010,8,30,5.69
2010,8,31,4.99
2010,9,1,2.49
2010,9,2,1.93
2010,9,3,4.39
2010,9,4,5.97
2010,9,5,5.94
2010,9,6,6.16
2010,9,7,6.16
2010,9,8,6.16
2010,9,9,6.25
2010,9,10,6.13
2010,9,11,6.19
2010,9,12,5.97
2010,9,13,6.06
2010,9,14,6.42
2010,9,15,6.41
2010,9,16,6.54
2010,9,17,6.69
2010,9,18,6.77
2010,9,19,6.83
2010,9,20,6.7
2010,9,21,6.89
2010,9,22,5.59
2010,9,23,6.72
2010,9,24,7.08
2010,9,25,7.08
2010,9,26,6.71
2010,9,27,6.45
2010,9,28,5.44
2010,9,29,6.16
2010,9,30,7.06
2010,10,1,5.65
2010,10,2,7.38
2010,10,3,7.38
2010,10,4,6.04
2010,10,5,6.49
2010,10,6,7.63
2010,10,7,7.38
2010,10,8,7.57
2010,10,9,7.4
2010,10,10,6.53
2010,10,11,7.47
2010,10,12,7.08
2010,10,13,2.92
2010,10,14,5.91
2010,10,15,4.63
2010,10,16,5.43
2010,10,17,7.89
2010,10,18,8.02
2010,10,19,7.92
2010,10,20,7.14
2010,10,21,7.63
2010,10,22,6.37
2010,10,23,8.07
2010,10,24,6.25
2010,10,25,7.89
2010,10,26,8.03
2010,10,27,8.42
2010,10,28,8.55
2010,10,29,8.51
2010,10,30,8.78
2010,10,31,8.56
2010,11,1,8.62
2010,11,2,8.65
2010,11,3,7.82
2010,11,4,7.65
2010,11,5,7.81
2010,11,6,8.43
2010,11,7,8.5
2010,11,8,6.85
2010,11,9,8.7
2010,11,10,8.96
2010,11,11,9.05
2010,11,12,8.75
2010,11,13,8.89
2010,11,14,7.48
2010,11,15,7.32
2010,11,16,7.06
2010,11,17,8.47
2010,11,18,8.06
2010,11,19,8.41
2010,11,20,6.15
2010,11,21,8.54
2010,11,22,4.47
2010,11,23,8.92
2010,11,24,8.9
2010,11,25,8.99
2010,11,26,8.91
2010,11,27,5
2010,11,28,7.76
2010,11,29,9.07
2010,11,30,7.99
2010,12,1,9.46
2010,12,2,9.43
2010,12,3,9.25
2010,12,4,9.01
2010,12,5,7.38
2010,12,6,8.78
2010,12,7,9.3
2010,12,8,9.35
2010,12,9,9.87
2010,12,10,9.8
2010,12,11,9.58
2010,12,12,7.94
2010,12,13,9.68
2010,12,14,9.56
2010,12,15,9.4
2010,12,16,9.31
2010,12,17,9.64
2010,12,18,9.14
2010,12,19,9.1
2010,12,20,5.3
2010,12,21,8.78
2010,12,22,8.95
2010,12,23,8.59
2010,12,24,9.39
2010,12,25,9.34
2010,12,26,8.77
2010,12,27,7.09
2010,12,28,7.3
2010,12,29,5.43
2010,12,30,7.02
2010,12,31,8.04
2011,1,1,8.63
2011,1,2,5.85
2011,1,3,8.47
2011,1,4,3.46
2011,1,5,8.16
2011,1,6,7.99
2011,1,7,8.75
2011,1,8,7.55
2011,1,9,3.84
2011,1,10,8.81
2011,1,11,8.82
2011,1,12,8.93
2011,1,13,9.12
2011,1,14,9.02
2011,1,15,9.15
2011,1,16,9.49
2011,1,17,9.18
2011,1,18,9.06
2011,1,19,8.99
2011,1,20,7.3
2011,1,21,7.07
2011,1,22,8.13
2011,1,23,7.88
2011,1,24,7.26
2011,1,25,7.93
2011,1,26,8.08
2011,1,27,7.69
2011,1,28,8.02
2011,1,29,7.97
2011,1,30,7.96
2011,1,31,8.25
2011,2,1,8.31
2011,2,2,8.52
2011,2,3,7.16
2011,2,4,8.1
2011,2,5,5.8
2011,2,6,6.7
2011,2,7,7.29
2011,2,8,6.64
2011,2,9,6.33
2011,2,10,5.04
2011,2,11,6.09
2011,2,12,8.4
2011,2,13,7.9
2011,2,14,7.34
2011,2,15,7.65
2011,2,16,7.94
2011,2,17,5.56
2011,2,18,4.19
2011,2,19,3.12
2011,2,20,4.49
2011,2,21,6.13
2011,2,22,7.15
2011,2,23,6.86
2011,2,24,2.9
2011,2,25,6.71
2011,2,26,7.81
2011,2,27,7.78
2011,2,28,7.55
2011,3,1,7.44
2011,3,2,6.66
2011,3,3,5.48
2011,3,4,5.35
2011,3,5,5.21
2011,3,6,4.85
2011,3,7,6.67
2011,3,8,6.98
2011,3,9,7.05
2011,3,10,6.6
2011,3,11,7.11
2011,3,12,4.37
2011,3,13,6.94
2011,3,14,7.08
2011,3,15,7.07
2011,3,16,5.84
2011,3,17,6.38
2011,3,18,5.48
2011,3,19,6.51
2011,3,20,6.54
2011,3,21,6.67
2011,3,22,6.59
2011,3,23,2.71
2011,3,24,4.68
2011,3,25,6.64
2011,3,26,4.5
2011,3,27,5.85
2011,3,28,6.12
2011,3,29,6.34
2011,3,30,6.3
2011,3,31,6.15
2011,4,1,5.68
2011,4,2,5.35
2011,4,3,5.84
2011,4,4,5.9
2011,4,5,5.83
2011,4,6,5.44
2011,4,7,3.5
2011,4,8,5.54
2011,4,9,5.56
2011,4,10,2.82
2011,4,11,5.51
2011,4,12,5.77
2011,4,13,5.26
2011,4,14,5.12
2011,4,15,5.17
2011,4,16,5.55
2011,4,17,5.57
2011,4,18,5.27
2011,4,19,5.32
2011,4,20,5.4
2011,4,21,5.26
2011,4,22,5.36
2011,4,23,5.3
2011,4,24,5.22
2011,4,25,5.08
2011,4,26,4.63
2011,4,27,4.31
2011,4,28,4.36
2011,4,29,2.83
2011,4,30,4.67
2011,5,1,3.54
2011,5,2,4.88
2011,5,3,4.82
2011,5,4,4.78
2011,5,5,4.67
2011,5,6,3.71
2011,5,7,4.5
2011,5,8,4.51
2011,5,9,4.53
2011,5,10,4.1
2011,5,11,4.37
2011,5,12,3.07
2011,5,13,4.05
2011,5,14,3.52
2011,5,15,4.03
2011,5,16,4.01
2011,5,17,2.98
2011,5,18,4.29
2011,5,19,4.18
2011,5,20,2.39
2011,5,21,4.14
2011,5,22,3.81
2011,5,23,3.65
2011,5,24,3.95
2011,5,25,4.05
2011,5,26,4.04
2011,5,27,4.04
2011,5,28,3.1
2011,5,29,3.67
2011,5,30,3.09
2011,5,31,3.85
2011,6,1,3.93
2011,6,2,3.91
2011,6,3,3.39
2011,6,4,3.85
2011,6,5,2.64
2011,6,6,2.4
2011,6,7,2.86
2011,6,8,3.23
2011,6,9,3.75
2011,6,10,3.57
2011,6,11,3.68
2011,6,12,3.76
2011,6,13,3.72
2011,6,14,3.66
2011,6,15,3.29
2011,6,16,3.66
2011,6,17,3.68
2011,6,18,3.51
2011,6,19,3.06
2011,6,20,3.05
2011,6,21,2.66
2011,6,22,3.63
2011,6,23,3.76
2011,6,24,3.62
2011,6,25,3.2
2011,6,26,3.76
2011,6,27,3.71
2011,6,28,3.7
2011,6,29,2.82
2011,6,30,2.29
2011,7,1,3.62
2011,7,2,3.68
2011,7,3,3.8
2011,7,4,3.62
2011,7,5,3.71
2011,7,6,3.62
2011,7,7,3.69
2011,7,8,2.71
2011,7,9,3.66
2011,7,10,3.36
2011,7,11,3.15
2011,7,12,2.92
2011,7,13,3.91
2011,7,14,3.98
2011,7,15,3.42
2011,7,16,3.76
2011,7,17,3.93
2011,7,18,2.47
2011,7,19,2.71
2011,7,20,3.9
2011,7,21,4.14
2011,7,22,4.08
2011,7,23,4.16
2011,7,24,4.19
2011,7,25,4.2
2011,7,26,3.85
2011,7,27,3.47
2011,7,28,3.67
2011,7,29,2.47
2011,7,30,0.65
2011,7,31,2.46
2011,8,1,4.37
2011,8,2,4.41
2011,8,3,4.53
2011,8,4,4.31
2011,8,5,4.43
2011,8,6,4.47
2011,8,7,4.2
2011,8,8,4.46
2011,8,9,4.68
2011,8,10,4.67
2011,8,11,4.97
2011,8,12,4.87
2011,8,13,3.54
2011,8,14,4.97
2011,8,15,4.61
2011,8,16,5.13
2011,8,17,5.1
2011,8,18,1.73
2011,8,19,2.99
2011,8,20,5.16
2011,8,21,4.93
2011,8,22,5.36
2011,8,23,5.21
2011,8,24,5.1
2011,8,25,5.14
2011,8,26,4.16
2011,8,27,5.59
2011,8,28,5.48
2011,8,29,5.81
2011,8,30,5.85
2011,8,31,5.64
2011,9,1,5.71
2011,9,2,5.71
2011,9,3,5.99
2011,9,4,6.14
2011,9,5,6.18
2011,9,6,6.16
2011,9,7,6.1
2011,9,8,6.2
2011,9,9,5.76
2011,9,10,6.16
2011,9,11,6.2
2011,9,12,6.37
2011,9,13,6.32
2011,9,14,6.37
2011,9,15,6.55
2011,9,16,6.07
2011,9,17,4.85
2011,9,18,6.58
2011,9,19,6.7
2011,9,20,6.81
2011,9,21,6.57
2011,9,22,6.14
2011,9,23,6.71
2011,9,24,6.88
2011,9,25,6.82
2011,9,26,6.42
2011,9,27,6.95
2011,9,28,7.2
2011,9,29,7.21
2011,9,30,7.2
2011,10,1,7.3
2011,10,2,7.31
2011,10,3,6.57
2011,10,4,7.12
2011,10,5,7.4
2011,10,6,7.56
2011,10,7,5.79
2011,10,8,2.88
2011,10,9,7.79
2011,10,10,7.87
2011,10,11,7.43
2011,10,12,5.17
2011,10,13,5.08
2011,10,14,6.61
2011,10,15,7.97
2011,10,16,7.92
2011,10,17,7.67
2011,10,18,7.34
2011,10,19,7.82
2011,10,20,8.07
2011,10,21,7.95
2011,10,22,7.52
2011,10,23,6.68
2011,10,24,7.12
2011,10,25,7.3
2011,10,26,5.56
2011,10,27,8.47
2011,10,28,8.38
2011,10,29,7.85
2011,10,30,8.52
2011,10,31,8.55
2011,11,1,8.61
2011,11,2,8.56
2011,11,3,8.3
2011,11,4,8.43
2011,11,5,8.38
2011,11,6,7.95
2011,11,7,7.48
2011,11,8,8.63
2011,11,9,9.14
2011,11,10,9.01
2011,11,11,8.57
2011,11,12,7.59
2011,11,13,6.93
2011,11,14,6.93
2011,11,15,7.84
2011,11,16,7.23
2011,11,17,6.93
2011,11,18,8.7
2011,11,19,6.35
2011,11,20,6.78
2011,11,21,8.95
2011,11,22,9.12
2011,11,23,9.21
2011,11,24,9.12
2011,11,25,8.96
2011,11,26,5.71
2011,11,27,9.16
2011,11,28,7.8
2011,11,29,8.32
2011,11,30,8.6
2011,12,1,9.18
2011,12,2,9.34
2011,12,3,9.1
2011,12,4,5.1
2011,12,5,6.55
2011,12,6,6.98
2011,12,7,6.78
2011,12,8,6.36
2011,12,9,8.87
2011,12,10,9.22
2011,12,11,9.08
2011,12,12,6.7
2011,12,13,8.82
2011,12,14,8.74
2011,12,15,8.34
2011,12,16,7.52
2011,12,17,8.86
2011,12,18,8.56
2011,12,19,9.1
2011,12,20,9.35
2011,12,21,9.47
2011,12,22,9.58
2011,12,23,9.04
2011,12,24,8.45
2011,12,25,9.02
2011,12,26,8.75
2011,12,27,8.23
2011,12,28,6.33
2011,12,29,7.81
2011,12,30,8.05
2011,12,31,8.24
2012,1,1,8.99
2012,1,2,8.81
2012,1,3,8.77
2012,1,4,6.37
2012,1,5,6.75
2012,1,6,5.37
2012,1,7,8.92
2012,1,8,9.26
2012,1,9,6.74
2012,1,10,8.36
2012,1,11,6.81
2012,1,12,8.88
2012,1,13,8.45
2012,1,14,7.93
2012,1,15,8.31
2012,1,16,7.72
2012,1,17,7.44
2012,1,18,6.5
2012,1,19,7.58
2012,1,20,6.51
2012,1,21,7.64
2012,1,22,7.66
2012,1,23,7.17
2012,1,24,7.32
2012,1,25,8.1
2012,1,26,8.86
2012,1,27,8.49
2012,1,28,8.75
2012,1,29,8.81
2012,1,30,8.37
2012,1,31,4.86
2012,2,1,6.77
2012,2,2,8.07
2012,2,3,8.25
2012,2,4,7.81
2012,2,5,8.28
2012,2,6,5.98
2012,2,7,8.17
2012,2,8,7.96
2012,2,9,6.94
2012,2,10,8.04
2012,2,11,8.04
2012,2,12,6.83
2012,2,13,7.85
2012,2,14,7.64
2012,2,15,6.92
2012,2,16,7.91
2012,2,17,6.94
2012,2,18,7.45
2012,2,19,3.27
2012,2,20,5.18
2012,2,21,6.27
2012,2,22,7.69
2012,2,23,5.12
2012,2,24,7.74
2012,2,25,7.72
2012,2,26,6.56
2012,2,27,7.8
2012,2,28,7.72
2012,2,29,5.7
2012,3,1,7.02
2012,3,2,7.53
2012,3,3,7.56
2012,3,4,6.9
2012,3,5,7.47
2012,3,6,4.34
2012,3,7,4.77
2012,3,8,6.18
2012,3,9,6.76
2012,3,10,1.57
2012,3,11,7.04
2012,3,12,6.02
2012,3,13,3.57
2012,3,14,3.96
2012,3,15,6.52
2012,3,16,6.85
2012,3,17,7.03
2012,3,18,6.95
2012,3,19,6.05
2012,3,20,3.68
2012,3,21,4.4
2012,3,22,4.84
2012,3,23,6.13
2012,3,24,6.41
2012,3,25,5.54
2012,3,26,4.08
2012,3,27,5.93
2012,3,28,6.37
2012,3,29,6.27
2012,3,30,6.29
2012,3,31,6.14
2012,4,1,5.97
2012,4,2,3.46
2012,4,3,5.99
2012,4,4,6.18
2012,4,5,5.94
2012,4,6,6.11
2012,4,7,6.1
2012,4,8,5.74
2012,4,9,4.38
2012,4,10,4.05
2012,4,11,5.05
2012,4,12,4.5
2012,4,13,5.07
2012,4,14,4.86
2012,4,15,5.35
2012,4,16,5.43
2012,4,17,4.42
2012,4,18,5.38
2012,4,19,4.37
2012,4,20,5.12
2012,4,21,4.17
2012,4,22,4.68
2012,4,23,3.14
2012,4,24,4.85
2012,4,25,2.88
2012,4,26,1.28
2012,4,27,1.75
2012,4,28,3.5
2012,4,29,4.92
2012,4,30,4.74
2012,5,1,4.39
2012,5,2,4.88
2012,5,3,4.35
2012,5,4,4.67
2012,5,5,4.51
2012,5,6,3.61
2012,5,7,3.33
2012,5,8,3.44
2012,5,9,3.93
2012,5,10,3.47
2012,5,11,3.97
2012,5,12,4.07
2012,5,13,3.15
2012,5,14,4.24
2012,5,15,4.28
2012,5,16,4.25
2012,5,17,4.18
2012,5,18,2.72
2012,5,19,3.92
2012,5,20,2.73
2012,5,21,3.72
2012,5,22,4.05
2012,5,23,3.98
2012,5,24,2.31
2012,5,25,3.36
2012,5,26,2.38
2012,5,27,3.3
2012,5,28,2.46
2012,5,29,3.11
2012,5,30,3.59
2012,5,31,3.72
2012,6,1,3.29
2012,6,2,3.11
2012,6,3,3.85
2012,6,4,3.74
2012,6,5,3.91
2012,6,6,3.87
2012,6,7,3.87
2012,6,8,3.62
2012,6,9,2.07
2012,6,10,3.57
2012,6,11,3.1
2012,6,12,3.62
2012,6,13,3.69
2012,6,14,3.6
2012,6,15,3.23
2012,6,16,2.66
2012,6,17,3.44
2012,6,18,3.73
2012,6,19,3.64
2012,6,20,3.07
2012,6,21,3.77
2012,6,22,3.42
2012,6,23,3.73
2012,6,24,3.7
2012,6,25,3.79
2012,6,26,3.69
2012,6,27,3.41
2012,6,28,3.04
2012,6,29,3.52
2012,6,30,3.53
2012,7,1,3.53
2012,7,2,1.11
2012,7,3,3.77
2012,7,4,3.8
2012,7,5,3.39
2012,7,6,3.4
2012,7,7,3.87
2012,7,8,3.82
2012,7,9,3.92
2012,7,10,3.78
2012,7,11,3.89
2012,7,12,3.92
2012,7,13,3.58
2012,7,14,3.52
2012,7,15,3.32
2012,7,16,4
2012,7,17,4.03
2012,7,18,3.85
2012,7,19,3.68
2012,7,20,3.88
2012,7,21,3.93
2012,7,22,4.23
2012,7,23,4.13
2012,7,24,4.16
2012,7,25,4.27
2012,7,26,4.28
2012,7,27,4.35
2012,7,28,4.3
2012,7,29,4.35
2012,7,30,3.3
2012,7,31,4.37
2012,8,1,4.45
2012,8,2,4.53
2012,8,3,2.96
2012,8,4,3.1
2012,8,5,4.29
2012,8,6,3.03
2012,8,7,3.86
2012,8,8,4.67
2012,8,9,4.17
2012,8,10,4.81
2012,8,11,4.73
2012,8,12,5.1
2012,8,13,4.6
2012,8,14,2.57
2012,8,15,3.08
2012,8,16,4.81
2012,8,17,2.08
2012,8,18,5.14
2012,8,19,5.13
2012,8,20,5
2012,8,21,4.98
2012,8,22,4.1
2012,8,23,3.34
2012,8,24,4.37
2012,8,25,4.36
2012,8,26,5.41
2012,8,27,5.49
2012,8,28,5.56
2012,8,29,5.27
2012,8,30,5.51
2012,8,31,4.14
2012,9,1,5.74
2012,9,2,5.35
2012,9,3,5.53
2012,9,4,3.7
2012,9,5,1.22
2012,9,6,2.81
2012,9,7,5.95
2012,9,8,3.27
2012,9,9,2.58
2012,9,10,6.04
2012,9,11,6.26
2012,9,12,6.07
2012,9,13,6.35
2012,9,14,6.6
2012,9,15,6.31
2012,9,16,6.59
2012,9,17,3.72
2012,9,18,4.59
2012,9,19,6.7
2012,9,20,6.91
2012,9,21,6.9
2012,9,22,6.89
2012,9,23,6.94
2012,9,24,5.95
2012,9,25,6.89
2012,9,26,6.83
2012,9,27,6.8
2012,9,28,6.69
2012,9,29,7.18
2012,9,30,7.17
2012,10,1,6.84
2012,10,2,6.73
2012,10,3,7.36
2012,10,4,6.52
2012,10,5,6.21
2012,10,6,4.85
2012,10,7,2.7
2012,10,8,5.2
2012,10,9,5.4
2012,10,10,7.19
2012,10,11,7.81
2012,10,12,7.77
2012,10,13,7.82
2012,10,14,7.44
2012,10,15,8.07
2012,10,16,7.99
2012,10,17,8.01
2012,10,18,8
2012,10,19,8.2
2012,10,20,6.7
2012,10,21,5.87
2012,10,22,7.6
2012,10,23,8.3
2012,10,24,8.02
2012,10,25,8.36
2012,10,26,8.57
2012,10,27,8.15
2012,10,28,8.1
2012,10,29,7.44
2012,10,30,8.21
2012,10,31,8.69
2012,11,1,6.1
2012,11,2,8.31
2012,11,3,7.99
2012,11,4,8.04
2012,11,5,7.45
2012,11,6,8.13
2012,11,7,8.59
2012,11,8,8.65
2012,11,9,7.44
2012,11,10,7.71
2012,11,11,8.5
2012,11,12,8.43
2012,11,13,7.63
2012,11,14,8.39
2012,11,15,8.55
2012,11,16,6.97
2012,11,17,7.45
2012,11,18,6.59
2012,11,19,8.51
2012,11,20,7.96
2012,11,21,8.18
2012,11,22,8.6
2012,11,23,9.23
2012,11,24,8.64
2012,11,25,8.77
2012,11,26,8.17
2012,11,27,8.88
2012,11,28,8.66
2012,11,29,7.32
2012,11,30,8.14
2012,12,1,8.87
2012,12,2,9.13
2012,12,3,8.87
2012,12,4,8.04
2012,12,5,9.37
2012,12,6,9.08
2012,12,7,8.74
2012,12,8,9.31
2012,12,9,9.34
2012,12,10,9.43
2012,12,11,9.6
2012,12,12,9.77
2012,12,13,9.33
2012,12,14,9.33
2012,12,15,9.25
2012,12,16,9.48
2012,12,17,9.1
2012,12,18,9.17
2012,12,19,8.68
2012,12,20,9.29
2012,12,21,9.48
2012,12,22,9.45
2012,12,23,9.47
2012,12,24,9.04
2012,12,25,9.66
2012,12,26,9.59
2012,12,27,9.54
2012,12,28,9.27
2012,12,29,9.27
2012,12,30,9.16
2012,12,31,9.39
2013,1,1,8.72
2013,1,2,9.3
2013,1,3,9.15
2013,1,4,9.19
2013,1,5,7.51
2013,1,6,8.96
2013,1,7,9.16
2013,1,8,8.23
2013,1,9,8.64
2013,1,10,7.53
2013,1,11,7.87
2013,1,12,7.58
2013,1,13,7.18
2013,1,14,7.14
2013,1,15,6.53
2013,1,16,7.94
2013,1,17,6.06
2013,1,18,7.19
2013,1,19,3.65
2013,1,20,4.33
2013,1,21,3.12
2013,1,22,7.5
2013,1,23,7.83
2013,1,24,8.59
2013,1,25,9.01
2013,1,26,8.35
2013,1,27,6.89
2013,1,28,7.7
2013,1,29,8.52
2013,1,30,7.09
2013,1,31,7.78
2013,2,1,8.3
2013,2,2,7.71
2013,2,3,8.43
2013,2,4,8.41
2013,2,5,7.68
2013,2,6,6.76
2013,2,7,7.43
2013,2,8,7.26
2013,2,9,7.66
2013,2,10,6.58
2013,2,11,8.01
2013,2,12,8.39
2013,2,13,8.2
2013,2,14,7.56
2013,2,15,7.73
2013,2,16,8.44
2013,2,17,8.13
2013,2,18,6.83
2013,2,19,7.9
2013,2,20,7.19
2013,2,21,7.57
2013,2,22,7.68
2013,2,23,6.83
2013,2,24,6.5
2013,2,25,7.5
2013,2,26,7.73
2013,2,27,7.82
2013,2,28,7.81
2013,3,1,7.9
2013,3,2,7.01
2013,3,3,7.3
2013,3,4,7.27
2013,3,5,7.61
2013,3,6,7.71
2013,3,7,6.68
2013,3,8,7.14
2013,3,9,7.38
2013,3,10,6.41
2013,3,11,7.19
2013,3,12,6.79
2013,3,13,3.87
2013,3,14,2.48
2013,3,15,3
2013,3,16,4.28
2013,3,17,5.59
2013,3,18,4.29
2013,3,19,5.13
2013,3,20,6.36
2013,3,21,6.66
2013,3,22,6.37
2013,3,23,6.1
2013,3,24,6.46
2013,3,25,5.73
2013,3,26,6.4
2013,3,27,6.12
2013,3,28,5.77
2013,3,29,6.17
2013,3,30,6.16
2013,3,31,2.21
2013,4,1,3.22
2013,4,2,5.07
2013,4,3,4.67
2013,4,4,6.14
2013,4,5,6.23
2013,4,6,6.1
2013,4,7,5.96
2013,4,8,5.75
2013,4,9,5.32
2013,4,10,5.74
2013,4,11,4.68
2013,4,12,5.06
2013,4,13,5.32
2013,4,14,5.44
2013,4,15,5.51
2013,4,16,5.44
2013,4,17,5.44
2013,4,18,5.46
2013,4,19,5.37
2013,4,20,5.31
2013,4,21,5.29
2013,4,22,5.03
2013,4,23,4
2013,4,24,4.78
2013,4,25,4.95
2013,4,26,4.12
2013,4,27,5.09
2013,4,28,4.09
2013,4,29,4.7
2013,4,30,4.57
2013,5,1,4.87
2013,5,2,2.78
2013,5,3,4.28
2013,5,4,4.69
2013,5,5,4.57
2013,5,6,4.59
2013,5,7,4.55
2013,5,8,4.55
2013,5,9,4.54
2013,5,10,3.62
2013,5,11,4.4
2013,5,12,4.24
2013,5,13,3.61
2013,5,14,4
2013,5,15,3.61
2013,5,16,4.26
2013,5,17,3.12
2013,5,18,3.37
2013,5,19,4.01
2013,5,20,4.19
2013,5,21,4.18
2013,5,22,4.11
2013,5,23,4.14
2013,5,24,4.04
2013,5,25,4.03
2013,5,26,3.65
2013,5,27,3.78
2013,5,28,3.35
2013,5,29,3.95
2013,5,30,3.14
2013,5,31,3.71
2013,6,1,2.85
2013,6,2,3.78
2013,6,3,3.86
2013,6,4,3.83
2013,6,5,3.53
2013,6,6,3.36
2013,6,7,3.78
2013,6,8,3.59
2013,6,9,3.36
2013,6,10,3.63
2013,6,11,3.64
2013,6,12,3.74
2013,6,13,3.66
2013,6,14,3.47
2013,6,15,3.61
2013,6,16,1.51
2013,6,17,3.31
2013,6,18,3.55
2013,6,19,2.02
2013,6,20,3.62
2013,6,21,3.71
2013,6,22,3.01
2013,6,23,2.89
2013,6,24,3.57
2013,6,25,3.75
2013,6,26,2.49
2013,6,27,3.03
2013,6,28,3.74
2013,6,29,3.93
2013,6,30,3.87
2013,7,1,2.85
2013,7,2,2.55
2013,7,3,3.77
2013,7,4,3.33
2013,7,5,3.03
2013,7,6,3.72
2013,7,7,1.14
2013,7,8,2.95
2013,7,9,3.76
2013,7,10,3.16
2013,7,11,3.71
2013,7,12,3.9
2013,7,13,3.96
2013,7,14,3.9
2013,7,15,3.9
2013,7,16,3.95
2013,7,17,4.06
2013,7,18,2.03
2013,7,19,1.74
2013,7,20,4.07
2013,7,21,3.64
2013,7,22,4.14
2013,7,23,4.16
2013,7,24,4.23
2013,7,25,4.11
2013,7,26,4.01
2013,7,27,4.26
2013,7,28,4.21
2013,7,29,4.09
2013,7,30,4.28
2013,7,31,4.19
2013,8,1,4.44
2013,8,2,4.52
2013,8,3,4.53
2013,8,4,4.08
2013,8,5,4.65
2013,8,6,4.61
2013,8,7,4.01
2013,8,8,1.92
2013,8,9,4.47
2013,8,10,4.43
2013,8,11,4.43
2013,8,12,3.08
2013,8,13,4.66
2013,8,14,5.11
2013,8,15,5.13
2013,8,16,5.05
2013,8,17,5.22
2013,8,18,5.32
2013,8,19,5.25
2013,8,20,5.25
2013,8,21,5.29
2013,8,22,5.33
2013,8,23,4.14
2013,8,24,5.22
2013,8,25,4.39
2013,8,26,5.47
2013,8,27,5.61
2013,8,28,5.75
2013,8,29,5.71
2013,8,30,5.21
2013,8,31,5.66
2013,9,1,4.94
2013,9,2,5.77
2013,9,3,5.44
2013,9,4,5.77
2013,9,5,5.8
2013,9,6,4.69
2013,9,7,5.65
2013,9,8,5.75
2013,9,9,5.77
2013,9,10,5.37
2013,9,11,6.24
2013,9,12,5.59
2013,9,13,3.42
2013,9,14,3.86
2013,9,15,2.1
2013,9,16,3.37
2013,9,17,6.61
2013,9,18,6.69
2013,9,19,6.59
2013,9,20,6.71
2013,9,21,2.37
2013,9,22,6.74
2013,9,23,6.47
2013,9,24,7.09
2013,9,25,6.91
2013,9,26,7.13
2013,9,27,6.91
2013,9,28,3.7
2013,9,29,7.03
2013,9,30,7.12
2013,10,1,7.18
2013,10,2,6.57
2013,10,3,4.66
2013,10,4,7.41
2013,10,5,7.48
2013,10,6,7.4
2013,10,7,7.05
2013,10,8,7.05
2013,10,9,7.72
2013,10,10,7.8
2013,10,11,7.48
2013,10,12,5.73
2013,10,13,7.23
2013,10,14,6.61
2013,10,15,5.2
2013,10,16,6.44
2013,10,17,7.63
2013,10,18,7.48
2013,10,19,7.71
2013,10,20,8.26
2013,10,21,7.99
2013,10,22,6.88
2013,10,23,7.99
2013,10,24,8.15
2013,10,25,7.98
2013,10,26,8.37
2013,10,27,8.15
2013,10,28,8.5
2013,10,29,8.32
2013,10,30,7.62
2013,10,31,7.68
2013,11,1,5.65
2013,11,2,8
2013,11,3,8.61
2013,11,4,8.68
2013,11,5,8.54
2013,11,6,8.71
2013,11,7,8.92
2013,11,8,8.48
2013,11,9,7.76
2013,11,10,3.81
2013,11,11,8.75
2013,11,12,8.9
2013,11,13,8.91
2013,11,14,9.31
2013,11,15,9.16
2013,11,16,9.12
2013,11,17,9.11
2013,11,18,7.61
2013,11,19,7.17
2013,11,20,8.76
2013,11,21,8.57
2013,11,22,8.95
2013,11,23,8.53
2013,11,24,8
2013,11,25,3.44
2013,11,26,7.86
2013,11,27,8.07
2013,11,28,9.44
2013,11,29,8.84
2013,11,30,7.9
2013,12,1,9.15
2013,12,2,9.36
2013,12,3,9.34
2013,12,4,9.29
2013,12,5,9.4
2013,12,6,9.27
2013,12,7,9.16
2013,12,8,7.36
2013,12,9,8.28
2013,12,10,7.52
2013,12,11,7.96
2013,12,12,7.57
2013,12,13,8.92
2013,12,14,8.24
2013,12,15,8.12
2013,12,16,8.35
2013,12,17,8.56
2013,12,18,8.1
2013,12,19,8.01
2013,12,20,8.61
2013,12,21,8.42
2013,12,22,8.43
2013,12,23,8.44
2013,12,24,7.72
2013,12,25,8.28
2013,12,26,7.17
2013,12,27,8.78
2013,12,28,8.48
2013,12,29,8.63
2013,12,30,9.42
2013,12,31,9.43
2014,1,1,9.43
2014,1,2,9.03
2014,1,3,9.08
2014,1,4,9.27
2014,1,5,9.21
2014,1,6,9.16
2014,1,7,9.16
2014,1,8,8.94
2014,1,9,9.37
2014,1,10,9.16
2014,1,11,7.77
2014,1,12,8.97
2014,1,13,7.79
2014,1,14,8.32
2014,1,15,8.46
2014,1,16,8.91
2014,1,17,6.44
2014,1,18,7.27
2014,1,19,8.54
2014,1,20,8.85
2014,1,21,9.22
2014,1,22,8.9
2014,1,23,8.88
2014,1,24,8.93
2014,1,25,8.91
2014,1,26,8.76
2014,1,27,8.68
2014,1,28,8.08
2014,1,29,7.84
2014,1,30,8.69
2014,1,31,8.74
2014,2,1,8.72
2014,2,2,8.51
2014,2,3,7.71
2014,2,4,8.47
2014,2,5,8.57
2014,2,6,7.8
2014,2,7,8.46
2014,2,8,8.16
2014,2,9,7.77
2014,2,10,7.7
2014,2,11,6.77
2014,2,12,6.99
2014,2,13,4.16
2014,2,14,2.29
2014,2,15,2.53
2014,2,16,6.92
2014,2,17,6.05
2014,2,18,5.96
2014,2,19,7.73
2014,2,20,4.92
2014,2,21,4.31
2014,2,22,6.12
2014,2,23,7.84
2014,2,24,3
2014,2,25,3.06
2014,2,26,7.07
2014,2,27,7.71
2014,2,28,7.37
2014,3,1,4.36
2014,3,2,3.38
2014,3,3,6.78
2014,3,4,7.43
2014,3,5,7.37
2014,3,6,7.2
2014,3,7,7.26
2014,3,8,7.16
2014,3,9,6.32
2014,3,10,7.01
2014,3,11,7.18
2014,3,12,6.99
2014,3,13,5.16
2014,3,14,5.27
2014,3,15,6.36
2014,3,16,6.83
2014,3,17,4.74
2014,3,18,2.86
2014,3,19,6.62
2014,3,20,6.73
2014,3,21,6.56
2014,3,22,6.77
2014,3,23,6.7
2014,3,24,6.42
2014,3,25,4.45
2014,3,26,4.61
2014,3,27,6.35
2014,3,28,6.32
2014,3,29,6.35
2014,3,30,5.85
2014,3,31,6.03
2014,4,1,4.26
2014,4,2,4.91
2014,4,3,4.36
2014,4,4,4.4
2014,4,5,3.62
2014,4,6,3.02
2014,4,7,5.1
2014,4,8,6.08
2014,4,9,5.79
2014,4,10,1.96
2014,4,11,5.67
2014,4,12,3.53
2014,4,13,5.5
2014,4,14,5.63
2014,4,15,5.55
2014,4,16,5.04
2014,4,17,3.48
2014,4,18,5.05
2014,4,19,5.07
2014,4,20,4.78
2014,4,21,3.33
2014,4,22,5.07
2014,4,23,5.07
2014,4,24,3.91
2014,4,25,4.79
2014,4,26,5.02
2014,4,27,3
2014,4,28,2.88
2014,4,29,3.42
2014,4,30,4.64
2014,5,1,3.28
2014,5,2,3.55
2014,5,3,3.66
2014,5,4,4.73
2014,5,5,3.61
2014,5,6,3.55
2014,5,7,4.37
2014,5,8,3.66
2014,5,9,3.52
2014,5,10,2.06
2014,5,11,1.45
2014,5,12,3.69
2014,5,13,3.75
2014,5,14,4.35
2014,5,15,4.1
2014,5,16,4.27
2014,5,17,3.57
2014,5,18,4.2
2014,5,19,3.66
2014,5,20,3.93
2014,5,21,2.46
2014,5,22,1.04
2014,5,23,3.73
2014,5,24,4.02
2014,5,25,3.9
2014,5,26,4.06
2014,5,27,4.05
2014,5,28,3.96
2014,5,29,3.2
2014,5,30,3.25
2014,5,31,3.99
2014,6,1,3.98
2014,6,2,3.83
2014,6,3,3.88
2014,6,4,3.81
2014,6,5,3.96
2014,6,6,3.77
2014,6,7,3.8
2014,6,8,2.71
2014,6,9,3.73
2014,6,10,2.39
2014,6,11,3.22
2014,6,12,2.05
2014,6,13,3.76
2014,6,14,3.57
2014,6,15,3.26
2014,6,16,3.66
2014,6,17,3.66
2014,6,18,2.09
2014,6,19,2.72
2014,6,20,3.63
2014,6,21,3.6
2014,6,22,3.44
2014,6,23,2.73
2014,6,24,2.9
2014,6,25,2.73
2014,6,26,2.36
2014,6,27,3.74
2014,6,28,3.86
2014,6,29,3.78
2014,6,30,3.76
2014,7,1,3.73
2014,7,2,3.75
2014,7,3,3.63
2014,7,4,2.96
2014,7,5,2.76
2014,7,6,3.87
2014,7,7,3.81
2014,7,8,3.85
2014,7,9,3.75
2014,7,10,3.63
2014,7,11,3.81
2014,7,12,3.96
2014,7,13,3.87
2014,7,14,3.83
2014,7,15,3.29
2014,7,16,3.86
2014,7,17,3.87
2014,7,18,3.99
2014,7,19,4.09
2014,7,20,3.86
2014,7,21,3.15
2014,7,22,1.55
2014,7,23,2.29
2014,7,24,4.3
2014,7,25,4.18
2014,7,26,4.07
2014,7,27,3.98
2014,7,28,3.73
2014,7,29,4.03
2014,7,30,3.6
2014,7,31,3.75
2014,8,1,4.2
2014,8,2,4.34
2014,8,3,4.48
2014,8,4,3.83
2014,8,5,4.54
2014,8,6,4.23
2014,8,7,4.59
2014,8,8,4.68
2014,8,9,4.82
2014,8,10,4.82
2014,8,11,4.91
2014,8,12,4.65
2014,8,13,5
2014,8,14,4.41
2014,8,15,4.37
2014,8,16,5.03
2014,8,17,5.09
2014,8,18,5.2
2014,8,19,5.17
2014,8,20,5.24
2014,8,21,5.3
2014,8,22,5.16
2014,8,23,2.65
2014,8,24,4.37
2014,8,25,5.03
2014,8,26,5.3
2014,8,27,5.27
2014,8,28,5.46
2014,8,29,5.52
2014,8,30,5.6
2014,8,31,4.82
2014,9,1,4.4
2014,9,2,5.12
2014,9,3,5.17
2014,9,4,4.98
2014,9,5,3.68
2014,9,6,6.01
2014,9,7,6.09
2014,9,8,6.05
2014,9,9,5.32
2014,9,10,6.39
2014,9,11,5.87
2014,9,12,6.36
2014,9,13,1.48
2014,9,14,5.29
2014,9,15,6.1
2014,9,16,6.44
2014,9,17,6.43
2014,9,18,5.01
2014,9,19,4.87
2014,9,20,6.47
2014,9,21,6.71
2014,9,22,6.56
2014,9,23,6.97
2014,9,24,6.83
2014,9,25,7.1
2014,9,26,6.78
2014,9,27,6.93
2014,9,28,6.98
2014,9,29,6.19
2014,9,30,6.68
2014,10,1,5.07
2014,10,2,6.18
2014,10,3,6.87
2014,10,4,3.95
2014,10,5,6.95
2014,10,6,7.51
2014,10,7,7.59
2014,10,8,7.6
2014,10,9,4.9
2014,10,10,6.4
2014,10,11,7.76
2014,10,12,7.75
2014,10,13,7.75
2014,10,14,7.31
2014,10,15,7.41
2014,10,16,8.03
2014,10,17,7.83
2014,10,18,7.58
2014,10,19,8.11
2014,10,20,7.66
2014,10,21,7.94
2014,10,22,6.63
2014,10,23,7.38
2014,10,24,7.74
2014,10,25,7.88
2014,10,26,6.75
2014,10,27,5.72
2014,10,28,8.25
2014,10,29,8.18
2014,10,30,7.86
2014,10,31,8.43
2014,11,1,8.03
2014,11,2,4.7
2014,11,3,7.01
2014,11,4,8.71
2014,11,5,8.87
2014,11,6,8.77
2014,11,7,9.03
2014,11,8,8.85
2014,11,9,8.31
2014,11,10,8.73
2014,11,11,7.54
2014,11,12,4.62
2014,11,13,8.83
2014,11,14,8.93
2014,11,15,8.92
2014,11,16,8.79
2014,11,17,7.76
2014,11,18,8.57
2014,11,19,8.83
2014,11,20,7.73
2014,11,21,5.74
2014,11,22,8.97
2014,11,23,9.15
2014,11,24,8.91
2014,11,25,8.16
2014,11,26,8.84
2014,11,27,8.84
2014,11,28,7.63
2014,11,29,5.63
2014,11,30,7.27
2014,12,1,9.41
2014,12,2,9.56
2014,12,3,9.41
2014,12,4,9.43
2014,12,5,9.37
2014,12,6,8.97
2014,12,7,9.48
2014,12,8,9.02
2014,12,9,8.23
2014,12,10,8.84
2014,12,11,8.6
2014,12,12,8.15
2014,12,13,7.03
2014,12,14,6.6
2014,12,15,6.94
2014,12,16,6.3
2014,12,17,7.85
2014,12,18,8.73
2014,12,19,9.61
2014,12,20,9.43
2014,12,21,5.83
2014,12,22,6.66
2014,12,23,9.52
2014,12,24,9.38
2014,12,25,9.35
2014,12,26,9.08
2014,12,27,8.01
2014,12,28,8.77
2014,12,29,8.54
2014,12,30,8.19
2014,12,31,9.41
2015,1,1,9.17
2015,1,2,9.43
2015,1,3,9.36
2015,1,4,9.23
2015,1,5,8.3
2015,1,6,6.59
2015,1,7,6.98
2015,1,8,8.1
2015,1,9,8.93
2015,1,10,8.82
2015,1,11,8.38
2015,1,12,7.47
2015,1,13,8.5
2015,1,14,7.04
2015,1,15,8.04
2015,1,16,8.07
2015,1,17,8.75
2015,1,18,8.72
2015,1,19,8.18
2015,1,20,7.12
2015,1,21,8.35
2015,1,22,7.91
2015,1,23,8.46
2015,1,24,7.9
2015,1,25,6.12
2015,1,26,6.21
2015,1,27,8.4
2015,1,28,6.19
2015,1,29,7.94
2015,1,30,8.36
2015,1,31,8.51
2015,2,1,8.2
2015,2,2,7.01
2015,2,3,5.44
2015,2,4,6.58
2015,2,5,6.78
2015,2,6,6.56
2015,2,7,7.37
2015,2,8,6.8
2015,2,9,7.56
2015,2,10,7.41
2015,2,11,8.28
2015,2,12,8.24
2015,2,13,8.07
2015,2,14,7.44
2015,2,15,7.37
2015,2,16,7.14
2015,2,17,7.88
2015,2,18,4.23
2015,2,19,7.55
2015,2,20,4.37
2015,2,21,7.5
2015,2,22,7.83
2015,2,23,7.52
2015,2,24,7.14
2015,2,25,3.07
2015,2,26,5.97
2015,2,27,5.28
2015,2,28,6.29
2015,3,1,7.55
2015,3,2,6.9
2015,3,3,5.89
2015,3,4,5.4
2015,3,5,7.17
2015,3,6,7.26
2015,3,7,6.95
2015,3,8,5.86
2015,3,9,5.82
2015,3,10,6.3
2015,3,11,6.45
2015,3,12,6.36
2015,3,13,4.42
2015,3,14,3.99
2015,3,15,6.77
2015,3,16,6.72
2015,3,17,5.97
2015,3,18,5.79
2015,3,19,5.85
2015,3,20,5.74
2015,3,21,5.34
2015,3,22,6.15
2015,3,23,4.31
2015,3,24,1.49
2015,3,25,1.35
2015,3,26,4.42
2015,3,27,6.14
2015,3,28,6.34
2015,3,29,6.27
2015,3,30,4.28
2015,3,31,6.21
2015,4,1,6.2
2015,4,2,6.05
2015,4,3,5.89
2015,4,4,4.75
2015,4,5,5.34
2015,4,6,5.37
2015,4,7,5.8
2015,4,8,5.14
2015,4,9,5.42
2015,4,10,5.27
2015,4,11,5.08
2015,4,12,4.78
2015,4,13,5.41
2015,4,14,2.96
2015,4,15,3.44
2015,4,16,5.42
2015,4,17,5.4
2015,4,18,5.43
2015,4,19,4.46
2015,4,20,3.11
2015,4,21,4.58
2015,4,22,5.13
2015,4,23,5.1
2015,4,24,5.05
2015,4,25,4.82
2015,4,26,4.76
2015,4,27,4.32
2015,4,28,3.1
2015,4,29,1.97
2015,4,30,3.33
2015,5,1,4.38
2015,5,2,4.39
2015,5,3,4.82
2015,5,4,4.74
2015,5,5,4.77
2015,5,6,2.71
2015,5,7,3.42
2015,5,8,4.51
2015,5,9,4.3
2015,5,10,4.34
2015,5,11,4.23
2015,5,12,4.09
2015,5,13,3.39
2015,5,14,4.25
2015,5,15,4.18
2015,5,16,4.27
2015,5,17,4.25
2015,5,18,4.13
2015,5,19,4.03
2015,5,20,4.15
2015,5,21,3.2
2015,5,22,2.34
2015,5,23,2.29
2015,5,24,3.17
2015,5,25,2.85
2015,5,26,3.65
2015,5,27,3.79
2015,5,28,3.03
2015,5,29,3.92
2015,5,30,3.94
2015,5,31,3.92
2015,6,1,3.53
2015,6,2,3.65
2015,6,3,3.73
2015,6,4,2.94
2015,6,5,3.75
2015,6,6,3.86
2015,6,7,3.7
2015,6,8,3.82
2015,6,9,3.38
2015,6,10,2.51
2015,6,11,3.48
2015,6,12,3.79
2015,6,13,3.85
2015,6,14,3.89
2015,6,15,3.8
2015,6,16,3.79
2015,6,17,3.53
2015,6,18,3.67
2015,6,19,3.28
2015,6,20,3.39
2015,6,21,2.22
2015,6,22,3.49
2015,6,23,1.7
2015,6,24,3.37
2015,6,25,3.68
2015,6,26,3.64
2015,6,27,3.34
2015,6,28,3.57
2015,6,29,3.76
2015,6,30,3.61
2015,7,1,3.57
2015,7,2,3.65
2015,7,3,3.73
2015,7,4,3.58
2015,7,5,1.71
2015,7,6,2.38
2015,7,7,3.61
2015,7,8,3.67
2015,7,9,3.7
2015,7,10,3.64
2015,7,11,3.71
2015,7,12,1.73
2015,7,13,3.29
2015,7,14,3.77
2015,7,15,3.27
2015,7,16,3.94
2015,7,17,3.98
2015,7,18,3.92
2015,7,19,3.82
2015,7,20,4.01
2015,7,21,4.03
2015,7,22,3.07
2015,7,23,4.15
2015,7,24,3.69
2015,7,25,3.52
2015,7,26,4.04
2015,7,27,4.18
2015,7,28,4.01
2015,7,29,4.26
2015,7,30,4.35
2015,7,31,4.36
2015,8,1,4.42
2015,8,2,4.09
2015,8,3,3.78
2015,8,4,3.88
2015,8,5,3.4
2015,8,6,3.75
2015,8,7,2.67
2015,8,8,1.46
2015,8,9,4.28
2015,8,10,3.34
2015,8,11,1.87
2015,8,12,1.7
2015,8,13,1.6
2015,8,14,4.57
2015,8,15,4.85
2015,8,16,3.93
2015,8,17,5.03
2015,8,18,5.08
2015,8,19,4.03
2015,8,20,4.97
2015,8,21,5.23
2015,8,22,5.09
2015,8,23,5.23
2015,8,24,5.32
2015,8,25,4.39
2015,8,26,5.4
2015,8,27,5.46
2015,8,28,5.47
2015,8,29,5.24
2015,8,30,5.62
2015,8,31,4.8
2015,9,1,5.17
2015,9,2,5.68
2015,9,3,5.33
2015,9,4,5.76
2015,9,5,5.58
2015,9,6,5.71
2015,9,7,5.95
2015,9,8,6.25
2015,9,9,5.69
2015,9,10,5.84
2015,9,11,6.33
2015,9,12,6.47
2015,9,13,6.53
2015,9,14,6.18
2015,9,15,4.95
2015,9,16,5.4
2015,9,17,6.58
2015,9,18,6.49
2015,9,19,6.45
2015,9,20,5.93
2015,9,21,4.87
2015,9,22,2.68
2015,9,23,4.61
2015,9,24,6.55
2015,9,25,5.48
2015,9,26,6.25
2015,9,27,6.66
2015,9,28,6.55
2015,9,29,5.97
2015,9,30,6.79
2015,10,1,6.47
2015,10,2,3.46
2015,10,3,4.22
2015,10,4,6.43
2015,10,5,7.22
2015,10,6,5.18
2015,10,7,3.98
2015,10,8,2.62
2015,10,9,1.98
2015,10,10,3.29
2015,10,11,2.73
2015,10,12,7.36
2015,10,13,7.52
2015,10,14,6.13
2015,10,15,7.75
2015,10,16,7.95
2015,10,17,7.08
2015,10,18,7.58
2015,10,19,5.32
2015,10,20,8.01
2015,10,21,8.02
2015,10,22,7.56
2015,10,23,5.97
2015,10,24,3.7
2015,10,25,6.93
2015,10,26,7.41
2015,10,27,7.8
2015,10,28,7.9
2015,10,29,6.11
2015,10,30,6.09
2015,10,31,3.37
2015,11,1,6.03
2015,11,2,6.4
2015,11,3,3.36
2015,11,4,3.87
2015,11,5,7.59
2015,11,6,7.66
2015,11,7,7
2015,11,8,8.33
2015,11,9,8.59
2015,11,10,2.74
2015,11,11,4.08
2015,11,12,8.25
2015,11,13,8.77
2015,11,14,8.35
2015,11,15,8.47
2015,11,16,7.21
2015,11,17,6.79
2015,11,18,8.88
2015,11,19,7.69
2015,11,20,9.24
2015,11,21,9.12
2015,11,22,8.19
2015,11,23,8.02
2015,11,24,8.82
2015,11,25,8.95
2015,11,26,3.99
2015,11,27,7.4
2015,11,28,7.49
2015,11,29,5.36
2015,11,30,8.08
2015,12,1,8.13
2015,12,2,4.83
2015,12,3,6.11
2015,12,4,6.73
2015,12,5,3.88
2015,12,6,8.51
2015,12,7,7.71
2015,12,8,5.15
2015,12,9,7.04
2015,12,10,9.23
2015,12,11,8.93
2015,12,12,8.88
2015,12,13,9.14
2015,12,14,9.34
2015,12,15,6.48
2015,12,16,8.91
2015,12,17,9.04
2015,12,18,8.19
2015,12,19,9.28
2015,12,20,9.29
2015,12,21,9.07
2015,12,22,8.99
2015,12,23,9.41
2015,12,24,8.99
2015,12,25,8.58
2015,12,26,8.79
2015,12,27,7.27
2015,12,28,8.35
2015,12,29,8.46
2015,12,30,7.76
2015,12,31,7.18
2016,1,1,8.27
2016,1,2,7.81
2016,1,3,6.17
2016,1,4,5.72
2016,1,5,5.63
2016,1,6,7.48
2016,1,7,4.07
2016,1,8,7.01
2016,1,9,5.34
2016,1,10,4.05
2016,1,11,8.78
2016,1,12,8.51
2016,1,13,8.44
2016,1,14,8.88
2016,1,15,8.04
2016,1,16,8.27
2016,1,17,7.93
2016,1,18,7.84
2016,1,19,7.8
2016,1,20,6.03
2016,1,21,8.72
2016,1,22,8.52
2016,1,23,7.79
2016,1,24,8.09
2016,1,25,6.5
2016,1,26,7.9
2016,1,27,8.46
2016,1,28,6.99
2016,1,29,5.36
2016,1,30,5.62
2016,1,31,5.45
2016,2,1,6.47
2016,2,2,6.99
2016,2,3,8.31
2016,2,4,8
2016,2,5,5.2
2016,2,6,7.55
2016,2,7,7.31
2016,2,8,5.03
2016,2,9,7.73
2016,2,10,7.7
2016,2,11,7.42
2016,2,12,5.66
2016,2,13,7.72
2016,2,14,8.22
2016,2,15,7.79
2016,2,16,8.28
2016,2,17,8.16
2016,2,18,8.01
2016,2,19,5.11
2016,2,20,7.32
2016,2,21,7.35
2016,2,22,6.52
2016,2,23,5.51
2016,2,24,7.2
2016,2,25,7.48
2016,2,26,7.14
2016,2,27,7.75
2016,2,28,7.68
2016,2,29,7.28
2016,3,1,5.62
2016,3,2,5.58
2016,3,3,6.55
2016,3,4,6.61
2016,3,5,4.89
2016,3,6,5.36
2016,3,7,4.41
2016,3,8,6.2
2016,3,9,6.93
2016,3,10,3.22
2016,3,11,6.94
2016,3,12,5.39
2016,3,13,6.9
2016,3,14,6.88
2016,3,15,6.72
2016,3,16,5.76
2016,3,17,6.69
2016,3,18,3.48
2016,3,19,6.22
2016,3,20,6.69
2016,3,21,6.57
2016,3,22,6.58
2016,3,23,6.49
2016,3,24,6.24
2016,3,25,2.18
2016,3,26,4.67
2016,3,27,6.29
2016,3,28,6.15
2016,3,29,6.07
2016,3,30,5.59
2016,3,31,5.6
2016,4,1,5.22
2016,4,2,3.81
2016,4,3,4.1
2016,4,4,2.62
2016,4,5,3.12
2016,4,6,5.64
2016,4,7,5.71
2016,4,8,3.05
2016,4,9,2.34
2016,4,10,2.29
2016,4,11,2.67
2016,4,12,3.46
2016,4,13,5.47
2016,4,14,4.84
2016,4,15,5.37
2016,4,16,4.44
2016,4,17,2.01
2016,4,18,3.26
2016,4,19,5.41
2016,4,20,5.36
2016,4,21,5.11
2016,4,22,5.01
2016,4,23,3.91
2016,4,24,2.32
2016,4,25,1.41
2016,4,26,5.03
2016,4,27,2.46
2016,4,28,3.48
2016,4,29,3.26
2016,4,30,3.97
2016,5,1,3.88
2016,5,2,3.32
2016,5,3,4.06
2016,5,4,3.55
2016,5,5,2.63
2016,5,6,1.6
2016,5,7,1.63
2016,5,8,2.5
2016,5,9,2.3
2016,5,10,2.01
2016,5,11,1.97
2016,5,12,2.02
2016,5,13,2.16
2016,5,14,2.49
2016,5,15,2.42
2016,5,16,1.27
2016,5,17,1.62
2016,5,18,2.13
2016,5,19,1.69
2016,5,20,1.41
2016,5,21,1.1
2016,5,22,3.97
2016,5,23,3.92
2016,5,24,2.72
2016,5,25,3.58
2016,5,26,1.2
2016,5,27,0.76
2016,5,28,2.18
2016,5,29,0.88
2016,5,30,3.46
2016,5,31,2.4
2016,6,1,1.84
2016,6,2,1.12
2016,6,3,0.96
2016,6,4,2.19
2016,6,5,2.08
2016,6,6,3.87
2016,6,7,3.85
2016,6,8,3.83
2016,6,9,3.71
2016,6,10,1.62
2016,6,11,3.71
2016,6,12,2.68
2016,6,13,3.01
2016,6,14,3.5
2016,6,15,3.52
2016,6,16,3.47
2016,6,17,3.37
2016,6,18,3.64
2016,6,19,1.55
2016,6,20,3.31
2016,6,21,3.67
2016,6,22,3.4
2016,6,23,2.97
2016,6,24,1.12
2016,6,25,0.87
2016,6,26,0.75
2016,6,27,1.92
2016,6,28,3.64
2016,6,29,3.3
2016,6,30,2.75
2016,7,1,3.02
2016,7,2,1.44
2016,7,3,1.22
2016,7,4,3.61
2016,7,5,3.71
2016,7,6,3.8
2016,7,7,3.49
2016,7,8,3.82
2016,7,9,3.39
2016,7,10,3.52
2016,7,11,3.85
2016,7,12,3.76
2016,7,13,3.41
2016,7,14,3.93
2016,7,15,4.02
2016,7,16,3.88
2016,7,17,3.85
2016,7,18,3.9
2016,7,19,3.66
2016,7,20,4.07
2016,7,21,4.09
2016,7,22,4.03
2016,7,23,4.04
2016,7,24,3.3
2016,7,25,3.85
2016,7,26,2.56
2016,7,27,4.18
2016,7,28,4.21
2016,7,29,4.27
2016,7,30,4.28
2016,7,31,4.42
2016,8,1,4.02
2016,8,2,4.53
2016,8,3,4.47
2016,8,4,4.46
2016,8,5,4.53
2016,8,6,4.57
2016,8,7,3.89
2016,8,8,4.56
2016,8,9,4.72
2016,8,10,4.63
2016,8,11,4.48
2016,8,12,3.97
2016,8,13,4.88
2016,8,14,4.61
2016,8,15,4.87
2016,8,16,5.11
2016,8,17,5.25
2016,8,18,5.3
2016,8,19,5.23
2016,8,20,3.93
2016,8,21,5.31
2016,8,22,5.38
2016,8,23,5.37
2016,8,24,5.46
2016,8,25,5.65
2016,8,26,5.36
2016,8,27,5.5
2016,8,28,4.94
2016,8,29,5.61
2016,8,30,5.66
2016,8,31,5.58
2016,9,1,2.87
2016,9,2,3.03
2016,9,3,2.62
2016,9,4,2.74
2016,9,5,3.27
2016,9,6,6.12
2016,9,7,5.91
2016,9,8,6.09
2016,9,9,6.16
2016,9,10,6.29
2016,9,11,6.38
2016,9,12,6.59
2016,9,13,6.35
2016,9,14,6.2
2016,9,15,6.13
2016,9,16,6.48
2016,9,17,6.65
2016,9,18,5.76
2016,9,19,6.52
2016,9,20,6.55
2016,9,21,6.73
2016,9,22,6.62
2016,9,23,6.04
2016,9,24,6.97
2016,9,25,7.08
2016,9,26,7.06
2016,9,27,7.01
2016,9,28,6.96
2016,9,29,6.86
2016,9,30,4.26
2016,10,1,6.16
2016,10,2,6.07
2016,10,3,7.19
2016,10,4,4.74
2016,10,5,4.93
2016,10,6,7.42
2016,10,7,3.96
2016,10,8,7.64
2016,10,9,6.98
2016,10,10,7.68
2016,10,11,7.46
2016,10,12,7.53
2016,10,13,6.88
2016,10,14,6.1
2016,10,15,5.94
2016,10,16,8.04
2016,10,17,5.97
2016,10,18,4.89
2016,10,19,5.93
2016,10,20,4.16
2016,10,21,8.12
2016,10,22,8.11
2016,10,23,8.17
2016,10,24,3.45
2016,10,25,6.98
2016,10,26,8.31
2016,10,27,7.02
2016,10,28,8.29
2016,10,29,8.28
2016,10,30,7.44
2016,10,31,8.16
2016,11,1,8.79
2016,11,2,7.71
2016,11,3,8.77
2016,11,4,8.78
2016,11,5,8.74
2016,11,6,8.57
2016,11,7,8.5
2016,11,8,8.56
2016,11,9,8.38
2016,11,10,8.78
2016,11,11,8.94
2016,11,12,8.57
2016,11,13,6.93
2016,11,14,8.98
2016,11,15,8.92
2016,11,16,6.34
2016,11,17,8.97
2016,11,18,8.73
2016,11,19,7.72
2016,11,20,7.41
2016,11,21,2.36
2016,11,22,6.64
2016,11,23,4.92
2016,11,24,8.73
2016,11,25,8.63
2016,11,26,8.04
2016,11,27,7.66
2016,11,28,6.42
2016,11,29,8.14
2016,11,30,8.61
2016,12,1,7.6
2016,12,2,8.11
2016,12,3,8.31
2016,12,4,8.97
2016,12,5,9.51
2016,12,6,9.45
2016,12,7,9.17
2016,12,8,2.43
2016,12,9,5.12
2016,12,10,8.92
2016,12,11,9.12
2016,12,12,9.34
2016,12,13,9.48
2016,12,14,9.35
2016,12,15,7.76
2016,12,16,9.21
2016,12,17,9.2
2016,12,18,7.84
2016,12,19,8.91
2016,12,20,9.19
2016,12,21,8.93
2016,12,22,8.32
2016,12,23,9.43
2016,12,24,9.2
2016,12,25,9.43
2016,12,26,5.01
2016,12,27,9.04
2016,12,28,9.35
2016,12,29,9.24
2016,12,30,9.18
2016,12,31,9.23
2017,1,1,9.15
2017,1,2,9.15
2017,1,3,9.44
2017,1,4,9.52
2017,1,5,9.38
2017,1,6,8.86
2017,1,7,8.49
2017,1,8,9.01
2017,1,9,9.24
2017,1,10,8.85
2017,1,11,8.99
2017,1,12,8.85
2017,1,13,7.39
2017,1,14,8.6
2017,1,15,8.35
2017,1,16,9.04
2017,1,17,8.93
2017,1,18,8.85
2017,1,19,8.71
2017,1,20,7.94
2017,1,21,7.89
2017,1,22,5.98
2017,1,23,8.29
2017,1,24,7.95
2017,1,25,8.15
2017,1,26,8.79
2017,1,27,8.96
2017,1,28,9.03
2017,1,29,8.78
2017,1,30,8.36
2017,1,31,7.64
2017,2,1,7.92
2017,2,2,7.48
2017,2,3,7.77
2017,2,4,6.25
2017,2,5,5.69
2017,2,6,8.49
2017,2,7,8.19
2017,2,8,8.46
2017,2,9,5.48
2017,2,10,3.53
2017,2,11,8.25
2017,2,12,7.67
2017,2,13,7.02
2017,2,14,7.63
2017,2,15,7.18
2017,2,16,8.05
2017,2,17,7.78
2017,2,18,8.21
2017,2,19,7.93
2017,2,20,7.78
2017,2,21,7.44
2017,2,22,7.32
2017,2,23,6.99
2017,2,24,6.95
2017,2,25,5.74
2017,2,26,7.03
2017,2,27,7.14
2017,2,28,7.51
2017,3,1,7.56
2017,3,2,7.21
2017,3,3,6.73
2017,3,4,7.47
2017,3,5,6.24
2017,3,6,6.27
2017,3,7,4.99
2017,3,8,7.4
2017,3,9,7.5
2017,3,10,6.85
2017,3,11,7.46
2017,3,12,7.34
2017,3,13,7.06
2017,3,14,6.64
2017,3,15,6.92
2017,3,16,6.82
2017,3,17,6.78
2017,3,18,6.79
2017,3,19,6.7
2017,3,20,4.39
2017,3,21,6.32
2017,3,22,6.15
2017,3,23,6.38
2017,3,24,6.19
2017,3,25,6.23
2017,3,26,6.45
2017,3,27,5.53
2017,3,28,4.98
2017,3,29,2.51
2017,3,30,4.2
2017,3,31,3.57
2017,4,1,4.29
2017,4,2,4.33
2017,4,3,4.64
2017,4,4,5.29
2017,4,5,5.74
2017,4,6,5.91
2017,4,7,5.94
2017,4,8,3.72
2017,4,9,3.99
2017,4,10,5.85
2017,4,11,5.8
2017,4,12,4.8
2017,4,13,5.5
2017,4,14,3.83
2017,4,15,3.37
2017,4,16,2.03
2017,4,17,2.26
2017,4,18,1.74
2017,4,19,5.17
2017,4,20,4.54
2017,4,21,3.02
2017,4,22,3.38
2017,4,23,4.87
2017,4,24,3.41
2017,4,25,3.78
2017,4,26,5.07
2017,4,27,5.02
2017,4,28,4.91
2017,4,29,4.88
2017,4,30,4.78
2017,5,1,4.78
2017,5,2,4.53
2017,5,3,4.29
2017,5,4,4.5
2017,5,5,4.54
2017,5,6,3.73
2017,5,7,4.48
2017,5,8,2.81
2017,5,9,3.56
2017,5,10,1.79
2017,5,11,2.84
2017,5,12,2.01
2017,5,13,3.74
2017,5,14,3.89
2017,5,15,3.62
2017,5,16,4.26
2017,5,17,4.1
2017,5,18,1.5
2017,5,19,3.96
2017,5,20,4.2
2017,5,21,4.13
2017,5,22,3.67
2017,5,23,2.77
2017,5,24,3.29
2017,5,25,2.72
2017,5,26,3.62
2017,5,27,2.41
2017,5,28,3.88
2017,5,29,3.29
2017,5,30,3.67
2017,5,31,3.93
2017,6,1,3.89
2017,6,2,3.78
2017,6,3,3.86
2017,6,4,3.44
2017,6,5,2.71
2017,6,6,3.84
2017,6,7,3.56
2017,6,8,3.09
2017,6,9,3.72
2017,6,10,3.77
2017,6,11,3.72
2017,6,12,3.63
2017,6,13,3.74
2017,6,14,3.51
2017,6,15,3.54
2017,6,16,3.5
2017,6,17,3.76
2017,6,18,3.73
2017,6,19,3.78
2017,6,20,3.48
2017,6,21,3.51
2017,6,22,3.12
2017,6,23,3.53
2017,6,24,3.1
2017,6,25,3.56
2017,6,26,1.37
2017,6,27,1.47
2017,6,28,3.6
2017,6,29,3.77
2017,6,30,3.76
2017,7,1,3.82
2017,7,2,3.81
2017,7,3,3.49
2017,7,4,1.78
2017,7,5,3.56
2017,7,6,3.33
2017,7,7,2.39
2017,7,8,3.42
2017,7,9,3.76
2017,7,10,1.46
2017,7,11,3.71
2017,7,12,3.82
2017,7,13,3.74
2017,7,14,3.67
2017,7,15,3.89
2017,7,16,2.65
2017,7,17,4.12
2017,7,18,4.09
2017,7,19,3.93
2017,7,20,3.79
2017,7,21,4.19
2017,7,22,3.95
2017,7,23,4.06
2017,7,24,4.16
2017,7,25,4.2
2017,7,26,4.25
2017,7,27,4.2
2017,7,28,3.52
2017,7,29,1.74
2017,7,30,2.02
2017,7,31,4.32
2017,8,1,3.62
2017,8,2,4.5
2017,8,3,4.57
2017,8,4,4.53
2017,8,5,4.66
2017,8,6,4.5
2017,8,7,4.69
2017,8,8,3.25
2017,8,9,4.63
2017,8,10,2.75
2017,8,11,2.96
2017,8,12,4.03
2017,8,13,4.69
2017,8,14,5.11
2017,8,15,4.6
2017,8,16,5.01
2017,8,17,5.03
2017,8,18,4.47
2017,8,19,5.18
2017,8,20,5.19
2017,8,21,5.25
2017,8,22,4.51
2017,8,23,4.88
2017,8,24,5.62
2017,8,25,4.91
2017,8,26,5.54
2017,8,27,5.62
2017,8,28,5.26
2017,8,29,2.89
2017,8,30,5.74
2017,8,31,5.84
2017,9,1,5.93
2017,9,2,5.62
2017,9,3,5.85
2017,9,4,5.46
2017,9,5,5.92
2017,9,6,5.98
2017,9,7,6.08
2017,9,8,6.11
2017,9,9,1.83
2017,9,10,4.39
2017,9,11,4.84
2017,9,12,5.48
2017,9,13,6.2
2017,9,14,6.46
2017,9,15,3.69
2017,9,16,6.45
2017,9,17,6.64
2017,9,18,6.6
2017,9,19,6.68
2017,9,20,3.51
2017,9,21,6.73
2017,9,22,6.82
2017,9,23,6.82
2017,9,24,6.71
2017,9,25,6.67
2017,9,26,3.82
2017,9,27,2.92
2017,9,28,4.37
2017,9,29,6.68
2017,9,30,5.41
2017,10,1,7.4
2017,10,2,7.22
2017,10,3,5.01
2017,10,4,6.58
2017,10,5,7.59
2017,10,6,7.51
2017,10,7,7.4
2017,10,8,6.62
2017,10,9,7.67
2017,10,10,7.46
2017,10,11,1.9
2017,10,12,3.26
2017,10,13,7.86
2017,10,14,7.98
2017,10,15,7.88
2017,10,16,7.76
2017,10,17,8.19
2017,10,18,7.88
2017,10,19,8.19
2017,10,20,7.97
2017,10,21,8.27
2017,10,22,7.96
2017,10,23,8.19
2017,10,24,7.23
2017,10,25,8.18
2017,10,26,7.44
2017,10,27,7.97
2017,10,28,8.55
2017,10,29,8.58
2017,10,30,8.67
2017,10,31,8.11
2017,11,1,8.18
2017,11,2,8.25
2017,11,3,5.04
2017,11,4,5.98
2017,11,5,8.31
2017,11,6,6.83
2017,11,7,5.64
2017,11,8,6.42
2017,11,9,7.48
2017,11,10,8.33
2017,11,11,8.62
2017,11,12,8.68
2017,11,13,8.39
2017,11,14,8.88
2017,11,15,9.03
2017,11,16,9.19
2017,11,17,9.12
2017,11,18,9.17
2017,11,19,8.94
2017,11,20,8.82
2017,11,21,9.18
2017,11,22,9.03
2017,11,23,9.34
2017,11,24,9.21
2017,11,25,9.21
2017,11,26,9.21
2017,11,27,7.5
2017,11,28,9.01
2017,11,29,9.01
2017,11,30,8.58
2017,12,1,5.12
2017,12,2,5.24
2017,12,3,6.58
2017,12,4,5.43
2017,12,5,7.77
2017,12,6,8.39
2017,12,7,8.63
2017,12,8,9.19
2017,12,9,8.66
2017,12,10,9.06
2017,12,11,7.36
2017,12,12,8.26
2017,12,13,7.09
2017,12,14,8.59
2017,12,15,9.11
2017,12,16,9.05
2017,12,17,9.38
2017,12,18,8.38
2017,12,19,9.12
2017,12,20,9
2017,12,21,7.01
2017,12,22,8.41
2017,12,23,7.85
2017,12,24,9.34
2017,12,25,8.97
2017,12,26,9.01
2017,12,27,7.55
2017,12,28,8.97
2017,12,29,9.13
2017,12,30,9.26
2017,12,31,7.23
2018,1,1,7.39
2018,1,2,8.88
2018,1,3,9.18
2018,1,4,9.25
2018,1,5,9.15
2018,1,6,8.78
2018,1,7,8.59
2018,1,8,5.04
2018,1,9,7.52
2018,1,10,7.79
2018,1,11,8.01
2018,1,12,5.82
2018,1,13,2.21
2018,1,14,7.85
2018,1,15,8.31
2018,1,16,5.42
2018,1,17,7.55
2018,1,18,7.47
2018,1,19,7.57
2018,1,20,7.95
2018,1,21,7.94
2018,1,22,8.52
2018,1,23,8.43
2018,1,24,6.91
2018,1,25,7.84
2018,1,26,8.12
2018,1,27,7.21
2018,1,28,5.23
2018,1,29,8.31
2018,1,30,7.42
2018,1,31,4.6
2018,2,1,6.68
2018,2,2,6.95
2018,2,3,7.8
2018,2,4,7.18
2018,2,5,5.94
2018,2,6,7.09
2018,2,7,8.24
2018,2,8,8.15
2018,2,9,7.04
2018,2,10,8.19
2018,2,11,7
2018,2,12,8.22
2018,2,13,8.12
2018,2,14,7.55
2018,2,15,6.14
2018,2,16,7.11
2018,2,17,6.94
2018,2,18,6.6
2018,2,19,7.58
2018,2,20,7.1
2018,2,21,7.57
2018,2,22,6.47
2018,2,23,5.67
2018,2,24,3.72
2018,2,25,6.06
2018,2,26,7.41
2018,2,27,5.56
2018,2,28,5.86
2018,3,1,7.1
2018,3,2,7.54
2018,3,3,7.37
2018,3,4,7.24
2018,3,5,6.22
2018,3,6,6.97
2018,3,7,6.11
2018,3,8,6.68
2018,3,9,7.25
2018,3,10,7.23
2018,3,11,7.01
2018,3,12,7.22
2018,3,13,7.25
2018,3,14,7.32
2018,3,15,7.21
2018,3,16,7.21
2018,3,17,7.19
2018,3,18,7.07
2018,3,19,7.01
2018,3,20,6.89
2018,3,21,6.8
2018,3,22,6.96
2018,3,23,6.83
2018,3,24,6.52
2018,3,25,6.64
2018,3,26,4.75
2018,3,27,6.41
2018,3,28,6.4
2018,3,29,6.34
2018,3,30,6.06
2018,3,31,5.94
2018,4,1,3.72
2018,4,2,5.47
2018,4,3,6.02
2018,4,4,5.94
2018,4,5,5.39
2018,4,6,5.89
2018,4,7,5.76
2018,4,8,5.77
2018,4,9,5.46
2018,4,10,5.21
2018,4,11,5.55
2018,4,12,4.16
2018,4,13,5.63
2018,4,14,5.63
2018,4,15,5.29
2018,4,16,5.13
2018,4,17,4.59
2018,4,18,5.06
2018,4,19,5.12
2018,4,20,5.1
2018,4,21,5
2018,4,22,5.1
2018,4,23,4.82
2018,4,24,4.64
2018,4,25,4.36
2018,4,26,4.92
2018,4,27,4.54
2018,4,28,4.18
2018,4,29,4.77
2018,4,30,3.92
2018,5,1,4.22
2018,5,2,4.39
2018,5,3,4.16
2018,5,4,2.43
2018,5,5,3.92
2018,5,6,3.23
2018,5,7,2.89
2018,5,8,2.18
2018,5,9,2.07
2018,5,10,2.85
2018,5,11,4.33
2018,5,12,4.08
2018,5,13,3.89
2018,5,14,4.21
2018,5,15,1.82
2018,5,16,3.94
2018,5,17,4.16
2018,5,18,3.64
2018,5,19,4.08
2018,5,20,4.03
2018,5,21,3.86
2018,5,22,3.78
2018,5,23,4.06
2018,5,24,4.05
2018,5,25,4.06
2018,5,26,3.8
2018,5,27,3.64
2018,5,28,3.35
2018,5,29,3.15
2018,5,30,2.01
2018,5,31,1.29
2018,6,1,2.33
2018,6,2,1.46
2018,6,3,2.19
2018,6,4,3.73
2018,6,5,3.67
2018,6,6,3.73
2018,6,7,3.58
2018,6,8,2.41
2018,6,9,3.4
2018,6,10,3.59
2018,6,11,2.86
2018,6,12,3.54
2018,6,13,2.47
2018,6,14,3.68
2018,6,15,2.75
2018,6,16,3.68
2018,6,17,3.75
2018,6,18,3.73
2018,6,19,3.55
2018,6,20,3.3
2018,6,21,3.47
2018,6,22,3.48
2018,6,23,3.51
2018,6,24,2.91
2018,6,25,3.22
2018,6,26,3.47
2018,6,27,3.56
2018,6,28,3.66
2018,6,29,3.7
2018,6,30,2.95
2018,7,1,3.11
2018,7,2,1.02
2018,7,3,1.28
2018,7,4,1.48
2018,7,5,2.13
2018,7,6,2.64
2018,7,7,3.8
2018,7,8,2.27
2018,7,9,3.75
2018,7,10,3.9
2018,7,11,3.85
2018,7,12,3.43
2018,7,13,3.52
2018,7,14,3.94
2018,7,15,3.93
2018,7,16,3.89
2018,7,17,3.85
2018,7,18,1.22
2018,7,19,2.55
2018,7,20,4.11
2018,7,21,4.09
2018,7,22,4
2018,7,23,2.63
2018,7,24,4.18
2018,7,25,4.26
2018,7,26,4.26
2018,7,27,3.49
2018,7,28,4.31
2018,7,29,4.39
2018,7,30,4.45
2018,7,31,4.08
2018,8,1,4.49
2018,8,2,4.51
2018,8,3,4.62
2018,8,4,4.31
2018,8,5,4.4
2018,8,6,4.01
2018,8,7,4.41
2018,8,8,4.71
2018,8,9,4.35
2018,8,10,4.68
2018,8,11,4.63
2018,8,12,4.76
2018,8,13,4.95
2018,8,14,4.83
2018,8,15,4.35
2018,8,16,4.92
2018,8,17,4.87
2018,8,18,4.29
2018,8,19,3.38
2018,8,20,5.18
2018,8,21,4.91
2018,8,22,4.97
2018,8,23,5.34
2018,8,24,5.36
2018,8,25,5.51
2018,8,26,5.5
2018,8,27,5.51
2018,8,28,5.56
2018,8,29,5.64
2018,8,30,3.81
2018,8,31,1.8
2018,9,1,5.02
2018,9,2,5.91
2018,9,3,5.85
2018,9,4,6.08
2018,9,5,6.12
2018,9,6,6.08
2018,9,7,6.03
2018,9,8,5.97
2018,9,9,5.92
2018,9,10,5.79
2018,9,11,6.04
2018,9,12,2.67
2018,9,13,3.25
2018,9,14,6.1
2018,9,15,5.15
2018,9,16,6.51
2018,9,17,6.02
2018,9,18,6.55
2018,9,19,6.49
2018,9,20,6.15
2018,9,21,6.35
2018,9,22,7.1
2018,9,23,6.98
2018,9,24,6.84
2018,9,25,6.55
2018,9,26,6.03
2018,9,27,5.67
2018,9,28,6.68
2018,9,29,6.81
2018,9,30,6.3
2018,10,1,5.33
2018,10,2,7.35
2018,10,3,7.42
2018,10,4,4.87
2018,10,5,7.13
2018,10,6,7.58
2018,10,7,7.38
2018,10,8,7.06
2018,10,9,7.09
2018,10,10,7.37
2018,10,11,6.55
2018,10,12,7.48
2018,10,13,5.2
2018,10,14,7.38
2018,10,15,7.88
2018,10,16,7.8
2018,10,17,8.17
2018,10,18,8.07
2018,10,19,4.75
2018,10,20,4.91
2018,10,21,4.57
2018,10,22,3.51
2018,10,23,5.98
2018,10,24,7.53
2018,10,25,4.79
2018,10,26,6.51
2018,10,27,7.44
2018,10,28,7.58
2018,10,29,7.6
2018,10,30,7.6
2018,10,31,5.73
2018,11,1,8.37
2018,11,2,8.61
2018,11,3,8.5
2018,11,4,8.75
2018,11,5,8.34
2018,11,6,5.55
2018,11,7,6.27
2018,11,8,8.18
2018,11,9,8.4
2018,11,10,8.68
2018,11,11,5.02
2018,11,12,3.78
2018,11,13,6.99
2018,11,14,8.86
2018,11,15,8.97
2018,11,16,8.84
2018,11,17,9.17
2018,11,18,8.95
2018,11,19,8.97
2018,11,20,8.85
2018,11,21,8.98
2018,11,22,8.25
2018,11,23,8.96
2018,11,24,8.95
2018,11,25,8.69
2018,11,26,5.82
2018,11,27,6.04
2018,11,28,6.73
2018,11,29,7.12
2018,11,30,8.25
2018,12,1,2.29
2018,12,2,5.85
2018,12,3,8.59
2018,12,4,5.93
2018,12,5,6.57
2018,12,6,5.65
2018,12,7,8.66
2018,12,8,9.18
2018,12,9,9.39
2018,12,10,9.24
2018,12,11,9.36
2018,12,12,8.55
2018,12,13,9.53
2018,12,14,9.57
2018,12,15,9.23
2018,12,16,9.33
2018,12,17,7.53
2018,12,18,6.3
2018,12,19,9.09
2018,12,20,6.12
2018,12,21,9.16
2018,12,22,9.08
2018,12,23,8.01
2018,12,24,7.88
2018,12,25,8.81
2018,12,26,8.05
2018,12,27,8.97
2018,12,28,8.94
2018,12,29,9.22
2018,12,30,8.4
2018,12,31,9.2
2019,1,1,8.93
2019,1,2,7.4
2019,1,3,8.7
2019,1,4,8.99
2019,1,5,7.78
2019,1,6,4.83
2019,1,7,8.93
2019,1,8,9.43
2019,1,9,8.94
2019,1,10,3.88
2019,1,11,8.96
2019,1,12,8.88
2019,1,13,4.62
2019,1,14,2.93
2019,1,15,9.04
2019,1,16,9.08
2019,1,17,2.71
2019,1,18,8.49
2019,1,19,8.9
2019,1,20,8.18
2019,1,21,8.58
2019,1,22,8.66
2019,1,23,8.07
2019,1,24,7.57
2019,1,25,7.81
2019,1,26,7.77
2019,1,27,8.33
2019,1,28,8.33
2019,1,29,7.34
2019,1,30,6.96
2019,1,31,7.22
2019,2,1,7.78
2019,2,2,3.44
2019,2,3,4.28
2019,2,4,6.86
2019,2,5,8.14
2019,2,6,8.42
2019,2,7,6.2
2019,2,8,7.58
2019,2,9,7.14
2019,2,10,8.19
2019,2,11,4.38
2019,2,12,6.98
2019,2,13,7.81
2019,2,14,8.33
2019,2,15,8.19
2019,2,16,8.1
2019,2,17,8.05
2019,2,18,7.77
2019,2,19,7.89
2019,2,20,7.72
2019,2,21,7.88
2019,2,22,6.74
2019,2,23,5.85
2019,2,24,7.66
2019,2,25,7.67
2019,2,26,7.47
2019,2,27,7.67
2019,2,28,7.65
2019,3,1,7.17
2019,3,2,7.62
2019,3,3,7.12
2019,3,4,7.73
2019,3,5,6.49
2019,3,6,7.55
2019,3,7,7.43
2019,3,8,1.6
2019,3,9,2.43
2019,3,10,3.28
2019,3,11,6.61
2019,3,12,6.62
2019,3,13,6.76
2019,3,14,6.54
2019,3,15,4.03
2019,3,16,4.63
2019,3,17,6.71
2019,3,18,6.83
2019,3,19,5.05
2019,3,20,5.85
2019,3,21,6.69
2019,3,22,6.66
2019,3,23,6.57
2019,3,24,5.74
2019,3,25,5.51
2019,3,26,3.91
2019,3,27,4.4
2019,3,28,5.77
2019,3,29,6.25
2019,3,30,4.34
2019,3,31,5.93
2019,4,1,5.7
2019,4,2,5.91
2019,4,3,5.95
2019,4,4,5.21
2019,4,5,6.14
2019,4,6,6.18
2019,4,7,6.11
2019,4,8,5.99
2019,4,9,5.82
2019,4,10,5.43
2019,4,11,5.67
2019,4,12,5.36
2019,4,13,5.67
2019,4,14,5.46
2019,4,15,5.17
2019,4,16,5.33
2019,4,17,5.44
2019,4,18,5.03
2019,4,19,4.26
2019,4,20,3.87
2019,4,21,3.57
2019,4,22,3.13
2019,4,23,4.45
2019,4,24,3.03
2019,4,25,2.42
2019,4,26,3.05
2019,4,27,4.72
2019,4,28,4.92
2019,4,29,2.82
2019,4,30,3.56
2019,5,1,4.58
2019,5,2,3.49
2019,5,3,3.36
2019,5,4,3.12
2019,5,5,2.43
2019,5,6,2.87
2019,5,7,4.21
2019,5,8,2.96
2019,5,9,4.1
2019,5,10,3.88
2019,5,11,4.45
2019,5,12,4.46
2019,5,13,4.34
2019,5,14,4.32
2019,5,15,4.3
2019,5,16,3.62
2019,5,17,4.2
2019,5,18,2.07
2019,5,19,3.75
2019,5,20,2.49
2019,5,21,1.74
2019,5,22,3.64
2019,5,23,4.21
2019,5,24,3.2
2019,5,25,3.17
2019,5,26,3.97
2019,5,27,2.5
2019,5,28,4
2019,5,29,3.53
2019,5,30,3.44
2019,5,31,3.28
2019,6,1,3.9
2019,6,2,3.69
2019,6,3,3.59
2019,6,4,3.46
2019,6,5,3
2019,6,6,3.09
2019,6,7,3.69
2019,6,8,3.81
2019,6,9,3.81
2019,6,10,3.61
2019,6,11,3.51
2019,6,12,3.71
2019,6,13,3.09
2019,6,14,3.4
2019,6,15,1.57
2019,6,16,2.68
2019,6,17,2.86
2019,6,18,3.79
2019,6,19,3.7
2019,6,20,3.34
2019,6,21,3.26
2019,6,22,3.59
2019,6,23,3.44
2019,6,24,2.73
2019,6,25,3.81
2019,6,26,3.24
2019,6,27,3.69
2019,6,28,3.66
2019,6,29,3.6
2019,6,30,3.05
2019,7,1,3.84
2019,7,2,3.76
2019,7,3,3.75
2019,7,4,1.88
2019,7,5,3.74
2019,7,6,3.44
2019,7,7,2.95
2019,7,8,3.31
2019,7,9,3.14
2019,7,10,3.71
2019,7,11,3.5
2019,7,12,2.51
2019,7,13,3.91
2019,7,14,3.85
2019,7,15,3.75
2019,7,16,3.95
2019,7,17,3
2019,7,18,2.61
2019,7,19,3.43
2019,7,20,3.86
2019,7,21,3.68
2019,7,22,3.07
2019,7,23,3.07
2019,7,24,4.09
2019,7,25,4.23
2019,7,26,3.99
2019,7,27,4.29
2019,7,28,4.2
2019,7,29,4.29
2019,7,30,3.77
2019,7,31,4.07
2019,8,1,4.54
2019,8,2,4.6
2019,8,3,4.62
2019,8,4,4.65
2019,8,5,4.58
2019,8,6,4.58
2019,8,7,4.53
2019,8,8,4.07
2019,8,9,4.76
2019,8,10,4.88
2019,8,11,4.85
2019,8,12,4.93
2019,8,13,4.72
2019,8,14,4.62
2019,8,15,4.55
2019,8,16,4.79
2019,8,17,4.95
2019,8,18,4.71
2019,8,19,2.2
2019,8,20,4.05
2019,8,21,5.19
2019,8,22,5.25
2019,8,23,5.09
2019,8,24,5.28
2019,8,25,5.19
2019,8,26,5.23
2019,8,27,5.12
2019,8,28,5.18
2019,8,29,5.61
2019,8,30,5.68
2019,8,31,5.69
2019,9,1,5.72
2019,9,2,5.89
2019,9,3,5.84
2019,9,4,5.81
2019,9,5,5.36
2019,9,6,5.04
2019,9,7,5.89
2019,9,8,5.98
2019,9,9,3.61
2019,9,10,3.95
2019,9,11,3.41
2019,9,12,6.4
2019,9,13,6.3
2019,9,14,6.63
2019,9,15,6.62
2019,9,16,5.46
2019,9,17,6.48
2019,9,18,6.72
2019,9,19,6.62
2019,9,20,6.85
2019,9,21,6.95
2019,9,22,6.82
2019,9,23,6.88
2019,9,24,6.81
2019,9,25,6.92
2019,9,26,6.93
2019,9,27,7
2019,9,28,7.27
2019,9,29,7.17
2019,9,30,7.23
2019,10,1,6.35
2019,10,2,7.28
2019,10,3,7.15
2019,10,4,5.85
2019,10,5,7.38
2019,10,6,7.27
2019,10,7,7.37
2019,10,8,7.12
2019,10,9,7.02
2019,10,10,6.94
2019,10,11,7.66
2019,10,12,6.78
2019,10,13,4.42
2019,10,14,1.82
2019,10,15,3.86
2019,10,16,4.1
2019,10,17,7.88
2019,10,18,6.43
2019,10,19,6.46
2019,10,20,7.96
2019,10,21,7.94
2019,10,22,7.94
2019,10,23,8.02
2019,10,24,8.15
2019,10,25,7.73
2019,10,26,8.11
2019,10,27,8.41
2019,10,28,8.18
2019,10,29,8.37
2019,10,30,6.28
2019,10,31,8.4
2019,11,1,8.45
2019,11,2,8.23
2019,11,3,7.99
2019,11,4,8.55
2019,11,5,7.92
2019,11,6,8.59
2019,11,7,8.66
2019,11,8,7.87
2019,11,9,8.14
2019,11,10,8.19
2019,11,11,7.39
2019,11,12,5.77
2019,11,13,8.33
2019,11,14,8.05
2019,11,15,8.53
2019,11,16,8.79
2019,11,17,8.29
2019,11,18,7.79
2019,11,19,8.57
2019,11,20,7.46
2019,11,21,7.87
2019,11,22,5.37
2019,11,23,6.79
2019,11,24,7.78
2019,11,25,9.03
2019,11,26,7.73
2019,11,27,9.05
2019,11,28,9.2
2019,11,29,8.97
2019,11,30,9.18
2019,12,1,8.47
2019,12,2,7.92
2019,12,3,7.93
2019,12,4,6.46
2019,12,5,9.33
2019,12,6,9.33
2019,12,7,8.8
2019,12,8,7.62
2019,12,9,8.19
2019,12,10,9.06
2019,12,11,9.1
2019,12,12,9.28
2019,12,13,9.22
2019,12,14,7.48
2019,12,15,7.48
2019,12,16,8.04
2019,12,17,9.16
2019,12,18,9.19
2019,12,19,8.52
2019,12,20,7.21
2019,12,21,6.9
2019,12,22,8.58
2019,12,23,9.21
2019,12,24,9.47
2019,12,25,8.72
2019,12,26,9.14
2019,12,27,8.7
2019,12,28,6.28
2019,12,29,7.96
2019,12,30,8.23
2019,12,31,7.05
